0.01 -2706680700631.990723
0.020000 -89559517548.613220
0.030000 -12505961465.301580
0.040000 -3151605746.857040
0.050000 -1098367442.515361
0.060000 -470192487.634050
0.070000 -232089790.873187
0.080000 -127204560.913731
0.090000 -75552863.691553
0.100000 -47829016.014010
0.110000 -31892299.604464
0.120000 -22204622.308869
0.130000 -16035712.962311
0.140000 -11950539.010700
0.150000 -9153198.994691
0.160000 -7181591.873922
0.170000 -5756620.386462
0.180000 -4703819.653535
0.190000 -3910784.194292
0.200000 -3303127.504681
0.210000 -2830433.760694
0.220000 -2457794.374983
0.230000 -2160567.931110
0.240000 -1921054.958349
0.250000 -1726340.223248
0.260000 -1566863.909152
0.270000 -1435457.765205
0.280000 -1326683.786902
0.290000 -1236373.351078
0.300000 -1161301.422085
0.310000 -1098953.204796
0.320000 -1047355.000796
0.330000 -1004950.268919
0.340000 -970507.930793
0.350000 -943053.967430
0.360000 -921820.047258
0.370000 -906204.763072
0.380000 -895744.324425
0.390000 -890090.439866
0.400000 -888993.752972
0.410000 -892291.648555
0.420000 -899899.575930
0.430000 -911805.282022
0.440000 -928065.534601
0.450000 -948805.063434
0.460000 -974217.568148
0.470000 -1004568.746230
0.480000 -1040201.390900
0.490000 -1081542.703568
0.500000 -1129114.065455
0.510000 -1183543.624482
0.520000 -1245582.183703
0.530000 -1316123.035110
0.540000 -1396226.578199
0.550000 -1487150.809935
0.560000 -1590389.089910
0.570000 -1707716.995769
0.580000 -1841250.622279
0.590000 -1993519.387958
0.600000 -2167557.358264
0.610000 -2367018.361079
0.620000 -2596321.881033
0.630000 -2860839.047847
0.640000 -3167131.229170
0.650000 -3523258.159609
0.660000 -3939178.709517
0.670000 -4427276.092317
0.680000 -5003051.679580
0.690000 -5686049.373771
0.700000 -6501098.325657
0.710000 -7479999.763129
0.720000 -8663840.216736
0.730000 -10106198.640623
0.740000 -11877645.209495
0.750000 -14072131.754968
0.760000 -16816192.633494
0.770000 -20282386.321109
0.780000 -24709244.023484
0.790000 -30431385.645487
0.800000 -37925839.349270
0.810000 -47884747.459757
0.820000 -61332068.688232
0.830000 -79815575.325764
0.840000 -105731480.557965
0.850000 -142890316.851800
0.860000 -197537733.616577
0.870000 -280268718.976122
0.880000 -409779581.014260
0.890000 -620606873.648945
0.900000 -980068303.313401
0.910000 -1628050306.762243
0.920000 -2878705181.208494
0.930000 -5508859244.800217
0.940000 -11690520136.708307
0.950000 -28569812122.769051
0.960000 -85654405390.128067
0.970000 -354696223785.856445
0.980000 -2647543447414.107910
0.990000 -83298396694352.312500
