0.01 -348703606.570008
0.020000 -90325058.456244
0.030000 -41766704.488490
0.040000 -24545586.670679
0.050000 -16482142.473040
0.060000 -12060743.578856
0.070000 -9377533.665257
0.080000 -7631679.734269
0.090000 -6438124.056044
0.100000 -5592921.110144
0.110000 -4979879.871347
0.120000 -4528974.211535
0.130000 -4196123.996197
0.140000 -3952659.668236
0.150000 -3779517.214466
0.160000 -3663893.100795
0.170000 -3597249.330093
0.180000 -3574096.598442
0.190000 -3591247.924097
0.200000 -3647372.190503
0.210000 -3742751.890865
0.220000 -3879192.716441
0.230000 -4060059.847865
0.240000 -4290435.111622
0.250000 -4577405.460038
0.260000 -4930510.048560
0.270000 -5362393.823312
0.280000 -5889744.025087
0.290000 -6534628.233038
0.300000 -7326417.923025
0.310000 -8304585.907881
0.320000 -9522837.320661
0.330000 -11055322.318922
0.340000 -13006178.139674
0.350000 -15524538.826530
0.360000 -18828792.479458
0.370000 -23247004.705562
0.380000 -29286684.103923
0.390000 -37760146.675946
0.400000 -50020626.312480
0.410000 -68432312.695870
0.420000 -97370387.386424
0.430000 -145528831.681443
0.440000 -231817826.912495
0.450000 -402564125.242552
0.460000 -791544880.387221
0.470000 -1892124534.211542
0.480000 -6450794347.172297
0.490000 -52216931914.936172
