0.01 -437583956643090560.000000
0.020000 -3660142276645025.500000
0.030000 -229854341275538.343750
0.040000 -32993297401779.511719
0.050000 -7456858255250.702148
0.060000 -2247765727576.542969
0.070000 -827105233335.809204
0.080000 -352403222678.364380
0.090000 -168033167165.627075
0.100000 -87605746892.376938
0.110000 -49120275376.838600
0.120000 -29260193202.352127
0.130000 -18346912301.895683
0.140000 -12022706362.524782
0.150000 -8187148826.855610
0.160000 -5767358787.627527
0.170000 -4187212439.536006
0.180000 -3123559246.242611
0.190000 -2388062678.697145
0.200000 -1867166128.683771
0.210000 -1490294613.414618
0.220000 -1212376610.820979
0.230000 -1003912916.678990
0.240000 -845162443.271301
0.250000 -722644813.010457
0.260000 -626984059.866883
0.270000 -551548896.060201
0.280000 -491577395.911564
0.290000 -443602727.640500
0.300000 -405069760.351070
0.310000 -374074961.978985
0.320000 -349187325.249483
0.330000 -329323418.709124
0.340000 -313659153.111977
0.350000 -301566824.201145
0.360000 -292569810.586777
0.370000 -286309784.919075
0.380000 -282522931.465176
0.390000 -281022757.473653
0.400000 -281687829.530654
0.410000 -284453280.346480
0.420000 -289305294.105452
0.430000 -296278040.946230
0.440000 -305452727.705194
0.450000 -316958586.462984
0.460000 -330975751.685717
0.470000 -347740093.776181
0.480000 -367550192.318929
0.490000 -390776756.014536
0.500000 -417874938.304638
0.510000 -449400169.414421
0.520000 -486028340.989471
0.530000 -528581456.766781
0.540000 -578060225.964673
0.550000 -635685558.292114
0.560000 -702951566.406771
0.570000 -781693557.446770
0.580000 -874175690.792186
0.590000 -983204624.403259
0.600000 -1112277754.291389
0.610000 -1265777843.603615
0.620000 -1449230339.947478
0.630000 -1669646085.836521
0.640000 -1935981326.998271
0.650000 -2259760262.929723
0.660000 -2655924923.368062
0.670000 -3144006081.842723
0.680000 -3749752229.331241
0.690000 -4507419257.348284
0.700000 -5463024199.951421
0.710000 -6679022986.467334
0.720000 -8241119186.747694
0.730000 -10268306359.795952
0.740000 -12927890577.037958
0.750000 -16458306178.030146
0.760000 -21204337202.502369
0.770000 -27672454193.903187
0.780000 -36619423546.194061
0.790000 -49197153887.306236
0.800000 -67194853710.295013
0.810000 -93453951525.444702
0.820000 -132598489391.807297
0.830000 -192359742657.179169
0.840000 -286059275319.214600
0.850000 -437438561709.323547
0.860000 -690450685553.678101
0.870000 -1130067399219.276855
0.880000 -1928932443781.556152
0.890000 -3458656422024.971680
0.900000 -6575262449117.004883
0.910000 -13416923521253.570312
0.920000 -29876725106608.511719
0.930000 -74311951960384.093750
0.940000 -213615535022209.781250
0.950000 -748183164733867.375000
0.960000 -3488506183969839.500000
0.970000 -25563644945281072.000000
0.980000 -427385802858077056.000000
0.990000 -53546468345641009152.000000
