0.01 2465.794399
0.020000 1267.660911
0.030000 869.604804
0.040000 671.631777
0.050000 553.748006
0.060000 475.960210
0.070000 421.132852
0.080000 380.702506
0.090000 349.916034
0.100000 325.925926
0.110000 306.924610
0.120000 291.711684
0.130000 279.460969
0.140000 269.587486
0.150000 261.667744
0.160000 255.390035
0.170000 250.522402
0.180000 246.891440
0.190000 244.367954
0.200000 242.857143
0.210000 242.291813
0.220000 242.627743
0.230000 243.840601
0.240000 245.924062
0.250000 248.888889
0.260000 252.762884
0.270000 257.591657
0.280000 263.440263
0.290000 270.395836
0.300000 278.571429
0.310000 288.111410
0.320000 299.198948
0.330000 312.066367
0.340000 327.009592
0.350000 344.408533
0.360000 364.756368
0.370000 388.702458
0.380000 417.116839
0.390000 451.189996
0.400000 492.592593
0.410000 543.741776
0.420000 608.267295
0.430000 691.877230
0.440000 804.089527
0.450000 962.041467
0.460000 1200.013419
0.470000 1598.000223
0.480000 2395.996860
0.490000 4793.998407
