0.01 6731700948.426703
0.020000 443014718.917595
0.030000 92245848.869430
0.040000 30801879.353312
0.050000 13329829.980443
0.060000 6799843.348268
0.070000 3887154.147777
0.080000 2416088.082650
0.090000 1601354.175920
0.100000 1116823.024245
0.110000 811873.016674
0.120000 610886.299024
0.130000 473253.784220
0.140000 375920.349215
0.150000 305171.274368
0.160000 252517.113522
0.170000 212519.533320
0.180000 181589.090279
0.190000 157293.634850
0.200000 137946.428571
0.210000 122353.213015
0.220000 109652.592307
0.230000 99212.809541
0.240000 90563.505165
0.250000 83349.692480
0.260000 77300.148395
0.270000 72205.341718
0.280000 67901.785701
0.290000 64260.789708
0.300000 61180.269538
0.310000 58578.714749
0.320000 56390.697413
0.330000 54563.496239
0.340000 53054.537395
0.350000 51829.440217
0.360000 50860.515953
0.370000 50125.609648
0.380000 49607.204941
0.390000 49291.732829
0.400000 49169.040836
0.410000 49231.990330
0.420000 49476.158173
0.430000 49899.625199
0.440000 50502.838976
0.450000 51288.542143
0.460000 52261.760813
0.470000 53429.850222
0.480000 54802.597228
0.490000 56392.381558
0.500000 58214.400000
0.510000 60286.960237
0.520000 62631.853713
0.530000 65274.820184
0.540000 68246.120404
0.550000 71581.238147
0.560000 75321.738622
0.570000 79516.317814
0.580000 84222.086781
0.590000 89506.147259
0.600000 95447.530864
0.610000 102139.595190
0.620000 109692.997725
0.630000 118239.405352
0.640000 127936.146545
0.650000 138972.080060
0.660000 151575.044758
0.670000 166021.380023
0.680000 182648.179264
0.690000 201869.181154
0.700000 224195.545647
0.710000 250263.250950
0.720000 280869.554502
0.730000 317021.994885
0.740000 360004.943130
0.750000 411471.012346
0.760000 473568.141012
0.770000 549118.595374
0.780000 641874.690406
0.790000 756889.755179
0.800000 901065.340909
0.810000 1083973.273491
0.820000 1319115.595575
0.830000 1625898.817884
0.840000 2032804.216736
0.850000 2582619.873207
0.860000 3341344.397573
0.870000 4413874.252057
0.880000 5972759.411191
0.890000 8313374.018885
0.900000 11965545.321924
0.910000 17934052.564212
0.920000 28257348.291943
0.930000 47431241.953322
0.940000 86483864.384372
0.950000 176545841.983808
0.960000 424428924.582736
0.970000 1321215054.309145
0.980000 6589532576.259510
0.990000 103893780105.189194
