0.01 -3633630517.586960
0.020000 -481618444.444934
0.030000 -151988644.606557
0.040000 -68601167.255801
0.050000 -37749211.232652
0.060000 -23585507.429255
0.070000 -16108515.256137
0.080000 -11756704.746554
0.090000 -9035804.080580
0.100000 -7239967.261404
0.110000 -6004400.823023
0.120000 -5126791.631351
0.130000 -4488397.506541
0.140000 -4016234.534937
0.150000 -3663718.415401
0.160000 -3400193.704873
0.170000 -3205002.907474
0.180000 -3063994.095811
0.190000 -2967397.225122
0.200000 -2908499.644801
0.210000 -2882805.975200
0.220000 -2887502.842671
0.230000 -2921123.841571
0.240000 -2983353.271979
0.250000 -3074933.357938
0.260000 -3197656.629802
0.270000 -3354437.422938
0.280000 -3549466.823733
0.290000 -3788466.013794
0.300000 -4079065.906115
0.310000 -4431358.852052
0.320000 -4858694.945314
0.330000 -5378837.524061
0.340000 -6015661.158040
0.350000 -6801691.216286
0.360000 -7781985.732979
0.370000 -9020223.538377
0.380000 -10608542.393365
0.390000 -12683998.875574
0.400000 -15457247.722016
0.410000 -19264965.984482
0.420000 -24671347.979758
0.430000 -32678884.182485
0.440000 -45206255.332381
0.450000 -66301944.680598
0.460000 -105735983.315553
0.470000 -192253915.755496
0.480000 -443324088.459933
0.490000 -1821071518.424113
