0.01 -618498.300176
0.020000 -163244.077616
0.030000 -76702.714592
0.040000 -45674.333881
0.050000 -30985.736444
0.060000 -22838.550910
0.070000 -17831.759659
0.080000 -14526.855520
0.090000 -12228.233458
0.100000 -10565.190027
0.110000 -9325.012759
0.120000 -8378.344964
0.130000 -7642.756401
0.140000 -7063.672954
0.150000 -6603.805121
0.160000 -6237.001409
0.170000 -5944.527740
0.180000 -5712.736943
0.190000 -5531.565914
0.200000 -5393.542569
0.210000 -5293.116641
0.220000 -5226.202237
0.230000 -5189.862919
0.240000 -5182.095751
0.250000 -5201.686610
0.260000 -5248.119293
0.270000 -5321.527783
0.280000 -5422.686035
0.290000 -5553.033617
0.300000 -5714.739229
0.310000 -5910.808099
0.320000 -6145.244241
0.330000 -6423.285438
0.340000 -6751.739022
0.350000 -7139.462544
0.360000 -7598.059356
0.370000 -8142.902856
0.380000 -8794.679496
0.390000 -9581.779279
0.400000 -10544.125846
0.410000 -11739.564810
0.420000 -13255.047922
0.430000 -15227.408147
0.440000 -17884.914335
0.450000 -21638.696291
0.460000 -27311.312899
0.470000 -36822.463207
0.480000 -55931.840424
0.490000 -113439.128727
