0.01 -21334099601771.519531
0.020000 -1417456936999.661377
0.030000 -299559428953.979431
0.040000 -102088635982.874084
0.050000 -45354781056.667557
0.060000 -23896634525.710304
0.070000 -14198544659.130089
0.080000 -9232297708.538927
0.090000 -6443681344.872838
0.100000 -4764029284.468662
0.110000 -3695884314.032829
0.120000 -2987478932.893965
0.130000 -2502535063.361590
0.140000 -2163136610.693067
0.150000 -1922699803.475049
0.160000 -1752358290.115555
0.170000 -1633736252.729429
0.180000 -1554940742.438869
0.190000 -1508259073.949334
0.200000 -1488801303.493452
0.210000 -1493690422.268745
0.220000 -1521585915.536098
0.230000 -1572423228.304050
0.240000 -1647305843.224665
0.250000 -1748519353.767741
0.260000 -1879659202.602181
0.270000 -2045882108.869594
0.280000 -2254310207.288302
0.290000 -2514640933.775283
0.300000 -2840050295.314262
0.310000 -3248530959.720415
0.320000 -3764894217.985906
0.330000 -4423812538.144936
0.340000 -5274536042.033130
0.350000 -6388376226.928975
0.360000 -7870902830.232544
0.370000 -9882439608.770683
0.380000 -12673733491.735956
0.390000 -16650588571.661364
0.400000 -22496626523.993397
0.410000 -31419753817.771317
0.420000 -45681040416.006050
0.430000 -69825811135.151306
0.440000 -113857197412.388123
0.450000 -202574592474.663025
0.460000 -408464033337.983276
0.470000 -1002196354480.865479
0.480000 -3510293851821.993652
0.490000 -29219885587364.324219
