0.01 -16742105.213432
0.020000 -2191314.729213
0.030000 -680317.153727
0.040000 -300934.723786
0.050000 -161665.232615
0.060000 -98230.178056
0.070000 -64994.177383
0.080000 -45779.004741
0.090000 -33827.834737
0.100000 -25963.577882
0.110000 -20551.630680
0.120000 -16689.253937
0.130000 -13848.505692
0.140000 -11705.679236
0.150000 -10054.248406
0.160000 -8757.910511
0.170000 -7724.043439
0.180000 -6888.086280
0.190000 -6204.021205
0.200000 -5638.392857
0.210000 -5166.447303
0.220000 -4769.578469
0.230000 -4433.602385
0.240000 -4147.567907
0.250000 -3902.922559
0.260000 -3692.917975
0.270000 -3512.179884
0.280000 -3356.392895
0.290000 -3222.066592
0.300000 -3106.360004
0.310000 -3006.948526
0.320000 -2921.922076
0.330000 -2849.706507
0.340000 -2789.002501
0.350000 -2738.737768
0.360000 -2698.029436
0.370000 -2666.154369
0.380000 -2642.525679
0.390000 -2626.674153
0.400000 -2618.233618
0.410000 -2616.929503
0.420000 -2622.570034
0.430000 -2635.039653
0.440000 -2654.294321
0.450000 -2680.358504
0.460000 -2713.323658
0.470000 -2753.348123
0.480000 -2800.658380
0.490000 -2855.551669
0.500000 -2918.400000
0.510000 -2989.655674
0.520000 -3069.858434
0.530000 -3159.644451
0.540000 -3259.757411
0.550000 -3371.062036
0.560000 -3494.560464
0.570000 -3631.412035
0.580000 -3782.957168
0.590000 -3950.746169
0.600000 -4136.574074
0.610000 -4342.522882
0.620000 -4571.012914
0.630000 -4824.865532
0.640000 -5107.380041
0.650000 -5422.428479
0.660000 -5774.573050
0.670000 -6169.212479
0.680000 -6612.765514
0.690000 -7112.902573
0.700000 -7678.840204
0.710000 -8321.718289
0.720000 -9055.087117
0.730000 -9895.541859
0.740000 -10863.556714
0.750000 -11984.592593
0.760000 -13290.583892
0.770000 -14821.957322
0.780000 -16630.407750
0.790000 -18782.767117
0.800000 -21366.477273
0.810000 -24497.457862
0.820000 -28331.620060
0.830000 -33082.048731
0.840000 -39045.206376
0.850000 -46641.874911
0.860000 -56482.885460
0.870000 -69477.934358
0.880000 -87022.145936
0.890000 -111329.081286
0.900000 -146053.693906
0.910000 -197523.994702
0.920000 -277343.280769
0.930000 -408352.872158
0.940000 -639759.374170
0.950000 -1090928.735256
0.960000 -2103074.150667
0.970000 -4921393.763553
0.980000 -16400815.346944
0.990000 -129581311.118572
