0.01 41632.486481
0.020000 10832.986256
0.030000 5011.277618
0.040000 2934.027778
0.050000 1954.570637
0.060000 1412.906795
0.070000 1080.601509
0.080000 861.294896
0.090000 708.508694
0.100000 597.530864
0.110000 514.210056
0.120000 449.954086
0.130000 399.292974
0.140000 358.605313
0.150000 325.413303
0.160000 297.973356
0.170000 275.028492
0.180000 255.653234
0.190000 239.153463
0.200000 225.000000
0.210000 212.783506
0.220000 202.183209
0.230000 192.944806
0.240000 184.864574
0.250000 177.777778
0.260000 171.550088
0.270000 166.071147
0.280000 161.249685
0.290000 157.009785
0.300000 153.287982
0.310000 150.031003
0.320000 147.193988
0.330000 144.739073
0.340000 142.634270
0.350000 140.852554
0.360000 139.371142
0.370000 138.170898
0.380000 137.235855
0.390000 136.552831
0.400000 136.111111
0.410000 135.902198
0.420000 135.919608
0.430000 136.158715
0.440000 136.616630
0.450000 137.292113
0.460000 138.185515
0.470000 139.298746
0.480000 140.635273
0.490000 142.200137
0.500000 144.000000
0.510000 146.043211
0.520000 148.339908
0.530000 150.902140
0.540000 153.744026
0.550000 156.881951
0.560000 160.334795
0.570000 164.124219
0.580000 168.274999
0.590000 172.815425
0.600000 177.777778
0.610000 183.198899
0.620000 189.120866
0.630000 195.591804
0.640000 202.666860
0.650000 210.409371
0.660000 218.892289
0.670000 228.199899
0.680000 238.429931
0.690000 249.696142
0.700000 262.131519
0.710000 275.892261
0.720000 291.162761
0.730000 308.161904
0.740000 327.151076
0.750000 348.444444
0.760000 372.422284
0.770000 399.548405
0.780000 430.393228
0.790000 465.664661
0.800000 506.250000
0.810000 553.273541
0.820000 608.177084
0.830000 672.834331
0.840000 749.716553
0.850000 842.137639
0.860000 954.625225
0.870000 1093.498004
0.880000 1267.791552
0.890000 1490.795991
0.900000 1782.716049
0.910000 2175.499172
0.920000 2722.117202
0.930000 3515.706664
0.940000 4732.659323
0.950000 6741.274238
0.960000 10421.006944
0.970000 18331.857205
0.980000 40820.491462
0.990000 161620.242832
