0.01 86262976900.948761
0.020000 11321217453.634315
0.030000 3541385935.573936
0.040000 1586235098.897738
0.050000 867279125.387994
0.060000 539129653.885642
0.070000 366879931.308780
0.080000 267201272.866385
0.090000 205261102.163112
0.100000 164664957.162008
0.110000 136970865.630140
0.120000 117515289.623970
0.130000 103573564.986058
0.140000 93480784.516011
0.150000 86183040.347680
0.160000 80995553.149747
0.170000 77466339.148768
0.180000 75296558.790408
0.190000 74292757.053001
0.200000 74337873.087696
0.210000 75373844.880840
0.220000 77391817.536929
0.230000 80427760.948993
0.240000 84562393.145720
0.250000 89925045.567693
0.260000 96701701.804920
0.270000 105148033.590624
0.280000 115608974.706633
0.290000 128547368.058100
0.300000 144585718.236023
0.310000 164567448.932832
0.320000 189647938.837570
0.330000 221432139.825608
0.340000 262186908.623788
0.350000 315176435.679694
0.360000 385206584.563560
0.370000 479535733.303842
0.380000 609453218.475092
0.390000 793127394.831633
0.400000 1060991903.824656
0.410000 1466513251.886533
0.420000 2109196230.206274
0.430000 3187900605.176903
0.440000 5137676095.160535
0.450000 9030609081.975771
0.460000 17981172632.363674
0.470000 43546430588.071396
0.480000 150479967031.445190
0.490000 1235221866380.741699
