0.01 14686885.032446
0.020000 3841038.272395
0.030000 1791000.368858
0.040000 1059977.793595
0.050000 715817.788981
0.060000 526030.696138
0.070000 410140.192237
0.080000 334199.535697
0.090000 281838.550182
0.100000 244358.742414
0.110000 216785.343368
0.120000 196105.134552
0.130000 180407.938853
0.140000 168438.121288
0.150000 159346.576000
0.160000 152546.997015
0.170000 147629.302840
0.180000 144305.838276
0.190000 142377.156099
0.200000 141709.956710
0.210000 142222.884445
0.220000 143877.638325
0.230000 146673.891250
0.240000 150647.155652
0.250000 155869.165106
0.260000 162450.665206
0.270000 170546.791278
0.280000 180365.508644
0.290000 192179.956673
0.300000 206346.038415
0.310000 223327.332941
0.320000 243730.538337
0.330000 268356.452551
0.340000 298274.447634
0.350000 334933.366766
0.360000 380330.425459
0.370000 437275.263902
0.380000 509815.377813
0.390000 603945.867504
0.400000 728842.647905
0.410000 899110.492546
0.420000 1139123.457168
0.430000 1492014.339620
0.440000 2040000.953299
0.450000 2955864.167801
0.460000 4654881.167329
0.470000 8353905.707253
0.480000 19004832.052455
0.490000 76983128.311373
