0.01 -2047883793231.080078
0.020000 -266109912505.298615
0.030000 -82501626715.015015
0.040000 -36663680908.517105
0.050000 -19911075395.105999
0.060000 -12308932638.249067
0.070000 -8340792762.070285
0.080000 -6057414210.430189
0.090000 -4647038315.184485
0.100000 -3729011361.556982
0.110000 -3108071324.660250
0.120000 -2676807364.506478
0.130000 -2372791558.107958
0.140000 -2158152187.521442
0.150000 -2009182209.105054
0.160000 -1910764513.768579
0.170000 -1853253344.576406
0.180000 -1830677756.104626
0.190000 -1839694945.509418
0.200000 -1878994171.438255
0.210000 -1948992184.602255
0.220000 -2051737928.749912
0.230000 -2190990405.552180
0.240000 -2372465664.434226
0.250000 -2604276492.265162
0.260000 -2897618514.864877
0.270000 -3267796043.500801
0.280000 -3735739326.159560
0.290000 -4330256334.628679
0.300000 -5091411396.032284
0.310000 -6075673603.657861
0.320000 -7363910584.648720
0.330000 -9074070953.889883
0.340000 -11381802106.750349
0.350000 -14554899670.162388
0.360000 -19012671702.382420
0.370000 -25431873591.309143
0.380000 -34943433003.254295
0.390000 -49514928091.207664
0.400000 -72735029175.738419
0.410000 -111527108135.956406
0.420000 -180187057785.090729
0.430000 -310822521442.724487
0.440000 -583681451167.448364
0.450000 -1229714447482.904297
0.460000 -3057393606063.903320
0.470000 -9862740419782.640625
0.480000 -51076692142084.250000
0.490000 -837837679328421.000000
