0.01 -58815.004295
0.020000 -30087.960218
0.030000 -20564.090146
0.040000 -15843.756169
0.050000 -13047.353647
0.060000 -11215.316524
0.070000 -9936.694866
0.080000 -9006.304768
0.090000 -8310.450852
0.100000 -7781.221572
0.110000 -7375.721284
0.120000 -7065.693973
0.130000 -6831.944699
0.140000 -6661.161732
0.150000 -6544.021206
0.160000 -6474.015767
0.170000 -6446.712215
0.180000 -6459.275068
0.190000 -6510.162759
0.200000 -6598.941799
0.210000 -6726.186877
0.220000 -6893.448766
0.230000 -7103.281268
0.240000 -7359.325394
0.250000 -7666.455026
0.260000 -8030.994561
0.270000 -8461.026395
0.280000 -8966.815897
0.290000 -9561.395252
0.300000 -10261.367880
0.310000 -11088.025981
0.320000 -12068.921972
0.330000 -13240.111710
0.340000 -14649.414013
0.350000 -16361.244497
0.360000 -18463.952805
0.370000 -21081.258804
0.380000 -24390.626582
0.390000 -28653.835528
0.400000 -34269.958848
0.410000 -41871.687948
0.420000 -52510.829491
0.430000 -68041.493133
0.440000 -91984.272120
0.450000 -131709.116182
0.460000 -204860.769458
0.470000 -362938.437184
0.480000 -814662.073814
0.490000 -3254298.308448
