0 0 0 0 0 0 0 0 9 1 
0 0 0 0 0 0 0 1 8 1 
0 0 0 0 0 0 0 2 7 1 
0 0 0 0 0 0 0 3 6 1 
0 0 0 0 0 0 0 4 5 1 
0 0 0 0 0 0 0 5 4 1 
0 0 0 0 0 0 0 6 3 1 
0 0 0 0 0 0 0 7 2 1 
0 0 0 0 0 0 0 8 1 1 
0 0 0 0 0 0 1 0 8 7 
0 0 0 0 0 0 1 1 7 1 
0 0 0 0 0 0 1 2 6 1 
0 0 0 0 0 0 1 3 5 1 
0 0 0 0 0 0 1 4 4 1 
0 0 0 0 0 0 1 5 3 1 
0 0 0 0 0 0 1 6 2 1 
0 0 0 0 0 0 1 7 1 1 
0 0 0 0 0 0 2 0 7 7 
0 0 0 0 0 0 2 1 6 1 
0 0 0 0 0 0 2 2 5 1 
0 0 0 0 0 0 2 3 4 1 
0 0 0 0 0 0 2 4 3 1 
0 0 0 0 0 0 2 5 2 1 
0 0 0 0 0 0 2 6 1 1 
0 0 0 0 0 0 3 0 6 7 
0 0 0 0 0 0 3 1 5 1 
0 0 0 0 0 0 3 2 4 1 
0 0 0 0 0 0 3 3 3 1 
0 0 0 0 0 0 3 4 2 1 
0 0 0 0 0 0 3 5 1 1 
0 0 0 0 0 0 4 0 5 7 
0 0 0 0 0 0 4 1 4 1 
0 0 0 0 0 0 4 2 3 1 
0 0 0 0 0 0 4 3 2 1 
0 0 0 0 0 0 4 4 1 1 
0 0 0 0 0 0 5 1 3 1 
0 0 0 0 0 0 5 2 2 1 
0 0 0 0 0 0 5 3 1 1 
0 0 0 0 0 0 6 1 2 1 
0 0 0 0 0 0 6 2 1 1 
0 0 0 0 0 0 7 1 1 1 
0 0 0 0 0 1 0 1 7 -15 
0 0 0 0 0 1 0 2 6 6 
0 0 0 0 0 1 0 3 5 6 
0 0 0 0 0 1 0 4 4 6 
0 0 0 0 0 1 0 5 3 6 
0 0 0 0 0 1 0 6 2 6 
0 0 0 0 0 1 0 7 1 6 
0 0 0 0 0 1 1 0 7 6 
0 0 0 0 0 1 1 1 6 1 
0 0 0 0 0 1 1 2 5 1 
0 0 0 0 0 1 1 3 4 1 
0 0 0 0 0 1 1 4 3 1 
0 0 0 0 0 1 1 5 2 1 
0 0 0 0 0 1 1 6 1 1 
0 0 0 0 0 1 2 0 6 6 
0 0 0 0 0 1 2 1 5 1 
0 0 0 0 0 1 2 2 4 1 
0 0 0 0 0 1 2 3 3 1 
0 0 0 0 0 1 2 4 2 1 
0 0 0 0 0 1 2 5 1 1 
0 0 0 0 0 1 3 0 5 6 
0 0 0 0 0 1 3 1 4 1 
0 0 0 0 0 1 3 2 3 1 
0 0 0 0 0 1 3 3 2 1 
0 0 0 0 0 1 3 4 1 1 
0 0 0 0 0 1 4 0 4 6 
0 0 0 0 0 1 4 1 3 1 
0 0 0 0 0 1 4 2 2 1 
0 0 0 0 0 1 4 3 1 1 
0 0 0 0 0 1 5 0 3 6 
0 0 0 0 0 1 5 1 2 1 
0 0 0 0 0 1 5 2 1 1 
0 0 0 0 0 1 6 0 2 6 
0 0 0 0 0 1 6 1 1 1 
0 0 0 0 0 1 7 0 1 21 
0 0 0 0 0 2 0 2 5 -9 
0 0 0 0 0 2 0 3 4 6 
0 0 0 0 0 2 0 4 3 6 
0 0 0 0 0 2 0 5 2 6 
0 0 0 0 0 2 0 6 1 6 
0 0 0 0 0 2 1 0 6 6 
0 0 0 0 0 2 1 1 5 1 
0 0 0 0 0 2 1 2 4 1 
0 0 0 0 0 2 1 3 3 1 
0 0 0 0 0 2 1 4 2 1 
0 0 0 0 0 2 1 5 1 1 
0 0 0 0 0 2 2 0 5 6 
0 0 0 0 0 2 2 1 4 1 
0 0 0 0 0 2 2 2 3 1 
0 0 0 0 0 2 2 3 2 1 
0 0 0 0 0 2 2 4 1 1 
0 0 0 0 0 2 3 0 4 6 
0 0 0 0 0 2 3 1 3 1 
0 0 0 0 0 2 3 2 2 1 
0 0 0 0 0 2 3 3 1 1 
0 0 0 0 0 2 4 0 3 6 
0 0 0 0 0 2 4 1 2 1 
0 0 0 0 0 2 4 2 1 1 
0 0 0 0 0 2 5 0 2 15 
0 0 0 0 0 2 5 1 1 1 
0 0 0 0 0 3 0 3 3 -3 
0 0 0 0 0 3 0 4 2 6 
0 0 0 0 0 3 0 5 1 6 
0 0 0 0 0 3 1 0 5 6 
0 0 0 0 0 3 1 1 4 1 
0 0 0 0 0 3 1 2 3 1 
0 0 0 0 0 3 1 3 2 1 
0 0 0 0 0 3 1 4 1 1 
0 0 0 0 0 3 2 0 4 6 
0 0 0 0 0 3 2 1 3 1 
0 0 0 0 0 3 2 2 2 1 
0 0 0 0 0 3 2 3 1 1 
0 0 0 0 0 3 3 0 3 9 
0 0 0 0 0 3 3 1 2 1 
0 0 0 0 0 3 3 2 1 1 
0 0 0 0 0 3 4 1 1 1 
0 0 0 0 0 4 0 4 1 3 
0 0 0 0 0 4 1 0 4 3 
0 0 0 0 0 4 1 1 3 1 
0 0 0 0 0 4 1 2 2 1 
0 0 0 0 0 4 1 3 1 1 
0 0 0 0 0 4 2 1 2 1 
0 0 0 0 0 4 2 2 1 1 
0 0 0 0 0 4 3 1 1 1 
0 0 0 0 0 5 1 1 2 1 
0 0 0 0 0 5 1 2 1 1 
0 0 0 0 0 5 2 1 1 1 
0 0 0 0 0 6 1 1 1 1 
0 0 0 0 1 0 1 0 7 15 
0 0 0 0 1 0 1 1 6 -10 
0 0 0 0 1 0 1 2 5 -10 
0 0 0 0 1 0 1 3 4 -10 
0 0 0 0 1 0 1 4 3 -10 
0 0 0 0 1 0 1 5 2 -10 
0 0 0 0 1 0 1 6 1 -10 
0 0 0 0 1 0 2 0 6 30 
0 0 0 0 1 0 2 1 5 5 
0 0 0 0 1 0 2 2 4 5 
0 0 0 0 1 0 2 3 3 5 
0 0 0 0 1 0 2 4 2 5 
0 0 0 0 1 0 2 5 1 5 
0 0 0 0 1 0 3 0 5 30 
0 0 0 0 1 0 3 1 4 5 
0 0 0 0 1 0 3 2 3 5 
0 0 0 0 1 0 3 3 2 5 
0 0 0 0 1 0 3 4 1 5 
0 0 0 0 1 0 4 0 4 15 
0 0 0 0 1 0 4 1 3 5 
0 0 0 0 1 0 4 2 2 5 
0 0 0 0 1 0 4 3 1 5 
0 0 0 0 1 0 5 1 2 5 
0 0 0 0 1 0 5 2 1 5 
0 0 0 0 1 0 6 1 1 5 
0 0 0 0 1 1 0 1 6 -10 
0 0 0 0 1 1 0 2 5 5 
0 0 0 0 1 1 0 3 4 5 
0 0 0 0 1 1 0 4 3 5 
0 0 0 0 1 1 0 5 2 5 
0 0 0 0 1 1 0 6 1 5 
0 0 0 0 1 1 1 0 6 5 
0 0 0 0 1 1 1 1 5 1 
0 0 0 0 1 1 1 2 4 1 
0 0 0 0 1 1 1 3 3 1 
0 0 0 0 1 1 1 4 2 1 
0 0 0 0 1 1 1 5 1 1 
0 0 0 0 1 1 2 0 5 5 
0 0 0 0 1 1 2 1 4 1 
0 0 0 0 1 1 2 2 3 1 
0 0 0 0 1 1 2 3 2 1 
0 0 0 0 1 1 2 4 1 1 
0 0 0 0 1 1 3 0 4 5 
0 0 0 0 1 1 3 1 3 1 
0 0 0 0 1 1 3 2 2 1 
0 0 0 0 1 1 3 3 1 1 
0 0 0 0 1 1 4 0 3 5 
0 0 0 0 1 1 4 1 2 1 
0 0 0 0 1 1 4 2 1 1 
0 0 0 0 1 1 5 0 2 5 
0 0 0 0 1 1 5 1 1 1 
0 0 0 0 1 1 6 0 1 15 
0 0 0 0 1 2 0 1 5 -5 
0 0 0 0 1 2 0 2 4 5 
0 0 0 0 1 2 0 3 3 5 
0 0 0 0 1 2 0 4 2 5 
0 0 0 0 1 2 0 5 1 5 
0 0 0 0 1 2 1 0 5 5 
0 0 0 0 1 2 1 1 4 1 
0 0 0 0 1 2 1 2 3 1 
0 0 0 0 1 2 1 3 2 1 
0 0 0 0 1 2 1 4 1 1 
0 0 0 0 1 2 2 0 4 5 
0 0 0 0 1 2 2 1 3 1 
0 0 0 0 1 2 2 2 2 1 
0 0 0 0 1 2 2 3 1 1 
0 0 0 0 1 2 3 0 3 5 
0 0 0 0 1 2 3 1 2 1 
0 0 0 0 1 2 3 2 1 1 
0 0 0 0 1 2 4 0 2 5 
0 0 0 0 1 2 4 1 1 1 
0 0 0 0 1 2 5 0 1 15 
0 0 0 0 1 3 0 2 3 5 
0 0 0 0 1 3 0 3 2 5 
0 0 0 0 1 3 0 4 1 5 
0 0 0 0 1 3 1 0 4 5 
0 0 0 0 1 3 1 1 3 1 
0 0 0 0 1 3 1 2 2 1 
0 0 0 0 1 3 1 3 1 1 
0 0 0 0 1 3 2 0 3 5 
0 0 0 0 1 3 2 1 2 1 
0 0 0 0 1 3 2 2 1 1 
0 0 0 0 1 3 3 0 2 5 
0 0 0 0 1 3 3 1 1 1 
0 0 0 0 1 3 4 0 1 15 
0 0 0 0 1 4 0 1 3 5 
0 0 0 0 1 4 0 2 2 5 
0 0 0 0 1 4 0 3 1 5 
0 0 0 0 1 4 1 0 3 5 
0 0 0 0 1 4 1 1 2 1 
0 0 0 0 1 4 1 2 1 1 
0 0 0 0 1 4 2 0 2 5 
0 0 0 0 1 4 2 1 1 1 
0 0 0 0 1 4 3 0 1 15 
0 0 0 0 1 5 0 1 2 10 
0 0 0 0 1 5 0 2 1 5 
0 0 0 0 1 5 1 0 2 5 
0 0 0 0 1 5 1 1 1 1 
0 0 0 0 1 5 2 0 1 15 
0 0 0 0 1 6 0 1 1 15 
0 0 0 0 1 6 1 0 1 15 
0 0 0 0 2 0 2 0 5 15 
0 0 0 0 2 0 2 1 4 -5 
0 0 0 0 2 0 2 2 3 -5 
0 0 0 0 2 0 2 3 2 -5 
0 0 0 0 2 0 2 4 1 -5 
0 0 0 0 2 0 3 0 4 30 
0 0 0 0 2 0 3 1 3 5 
0 0 0 0 2 0 3 2 2 5 
0 0 0 0 2 0 3 3 1 5 
0 0 0 0 2 0 4 1 2 5 
0 0 0 0 2 0 4 2 1 5 
0 0 0 0 2 0 5 1 1 5 
0 0 0 0 2 1 0 2 4 -5 
0 0 0 0 2 1 0 3 3 5 
0 0 0 0 2 1 0 4 2 5 
0 0 0 0 2 1 0 5 1 5 
0 0 0 0 2 1 1 0 5 5 
0 0 0 0 2 1 1 1 4 1 
0 0 0 0 2 1 1 2 3 1 
0 0 0 0 2 1 1 3 2 1 
0 0 0 0 2 1 1 4 1 1 
0 0 0 0 2 1 2 0 4 5 
0 0 0 0 2 1 2 1 3 1 
0 0 0 0 2 1 2 2 2 1 
0 0 0 0 2 1 2 3 1 1 
0 0 0 0 2 1 3 0 3 5 
0 0 0 0 2 1 3 1 2 1 
0 0 0 0 2 1 3 2 1 1 
0 0 0 0 2 1 4 0 2 10 
0 0 0 0 2 1 4 1 1 1 
0 0 0 0 2 2 0 3 2 5 
0 0 0 0 2 2 0 4 1 5 
0 0 0 0 2 2 1 0 4 5 
0 0 0 0 2 2 1 1 3 1 
0 0 0 0 2 2 1 2 2 1 
0 0 0 0 2 2 1 3 1 1 
0 0 0 0 2 2 2 0 3 5 
0 0 0 0 2 2 2 1 2 1 
0 0 0 0 2 2 2 2 1 1 
0 0 0 0 2 2 3 0 2 10 
0 0 0 0 2 2 3 1 1 1 
0 0 0 0 2 3 0 2 2 5 
0 0 0 0 2 3 0 3 1 5 
0 0 0 0 2 3 1 0 3 5 
0 0 0 0 2 3 1 1 2 1 
0 0 0 0 2 3 1 2 1 1 
0 0 0 0 2 3 2 0 2 10 
0 0 0 0 2 3 2 1 1 1 
0 0 0 0 2 4 0 2 1 10 
0 0 0 0 2 4 1 0 2 10 
0 0 0 0 2 4 1 1 1 1 
0 0 0 0 3 0 3 0 3 5 
0 0 0 0 3 0 4 1 1 5 
0 0 0 0 3 1 0 4 1 5 
0 0 0 0 3 1 1 0 4 5 
0 0 0 0 3 1 1 1 3 1 
0 0 0 0 3 1 1 2 2 1 
0 0 0 0 3 1 1 3 1 1 
0 0 0 0 3 1 2 0 3 5 
0 0 0 0 3 1 2 1 2 1 
0 0 0 0 3 1 2 2 1 1 
0 0 0 0 3 1 3 1 1 1 
0 0 0 0 3 2 0 3 1 5 
0 0 0 0 3 2 1 0 3 5 
0 0 0 0 3 2 1 1 2 1 
0 0 0 0 3 2 1 2 1 1 
0 0 0 0 3 2 2 1 1 1 
0 0 0 0 3 3 1 1 1 1 
0 0 0 0 4 1 1 1 2 1 
0 0 0 0 4 1 1 2 1 1 
0 0 0 0 4 1 2 1 1 1 
0 0 0 0 4 2 1 1 1 1 
0 0 0 0 5 1 1 1 1 1 
0 0 0 1 0 1 0 1 6 -30 
0 0 0 1 0 1 0 2 5 10 
0 0 0 1 0 1 0 3 4 10 
0 0 0 1 0 1 0 4 3 10 
0 0 0 1 0 1 0 5 2 10 
0 0 0 1 0 1 0 6 1 10 
0 0 0 1 0 1 1 0 6 10 
0 0 0 1 0 1 1 1 5 -6 
0 0 0 1 0 1 1 2 4 -6 
0 0 0 1 0 1 1 3 3 -6 
0 0 0 1 0 1 1 4 2 -6 
0 0 0 1 0 1 1 5 1 -6 
0 0 0 1 0 1 2 1 4 -6 
0 0 0 1 0 1 2 2 3 -6 
0 0 0 1 0 1 2 3 2 -6 
0 0 0 1 0 1 2 4 1 -6 
0 0 0 1 0 1 3 0 4 -10 
0 0 0 1 0 1 3 1 3 -6 
0 0 0 1 0 1 3 2 2 -6 
0 0 0 1 0 1 3 3 1 -6 
0 0 0 1 0 1 4 0 3 -20 
0 0 0 1 0 1 4 1 2 -6 
0 0 0 1 0 1 4 2 1 -6 
0 0 0 1 0 1 5 0 2 -30 
0 0 0 1 0 1 5 1 1 -6 
0 0 0 1 0 1 6 0 1 20 
0 0 0 1 0 2 0 2 4 -20 
0 0 0 1 0 2 0 3 3 20 
0 0 0 1 0 2 0 4 2 20 
0 0 0 1 0 2 0 5 1 20 
0 0 0 1 0 2 1 0 5 20 
0 0 0 1 0 2 1 1 4 4 
0 0 0 1 0 2 1 2 3 4 
0 0 0 1 0 2 1 3 2 4 
0 0 0 1 0 2 1 4 1 4 
0 0 0 1 0 2 2 0 4 20 
0 0 0 1 0 2 2 1 3 4 
0 0 0 1 0 2 2 2 2 4 
0 0 0 1 0 2 2 3 1 4 
0 0 0 1 0 2 3 0 3 20 
0 0 0 1 0 2 3 1 2 4 
0 0 0 1 0 2 3 2 1 4 
0 0 0 1 0 2 4 0 2 40 
0 0 0 1 0 2 4 1 1 4 
0 0 0 1 0 3 0 4 1 20 
0 0 0 1 0 3 1 0 4 20 
0 0 0 1 0 3 1 1 3 4 
0 0 0 1 0 3 1 2 2 4 
0 0 0 1 0 3 1 3 1 4 
0 0 0 1 0 3 2 0 3 20 
0 0 0 1 0 3 2 1 2 4 
0 0 0 1 0 3 2 2 1 4 
0 0 0 1 0 3 3 1 1 4 
0 0 0 1 0 4 1 1 2 4 
0 0 0 1 0 4 1 2 1 4 
0 0 0 1 0 4 2 1 1 4 
0 0 0 1 0 5 1 1 1 4 
0 0 0 1 1 0 1 0 6 10 
0 0 0 1 1 0 1 1 5 -6 
0 0 0 1 1 0 1 2 4 -6 
0 0 0 1 1 0 1 3 3 -6 
0 0 0 1 1 0 1 4 2 -6 
0 0 0 1 1 0 1 5 1 -6 
0 0 0 1 1 0 2 0 5 20 
0 0 0 1 1 0 2 1 4 4 
0 0 0 1 1 0 2 2 3 4 
0 0 0 1 1 0 2 3 2 4 
0 0 0 1 1 0 2 4 1 4 
0 0 0 1 1 0 3 0 4 20 
0 0 0 1 1 0 3 1 3 4 
0 0 0 1 1 0 3 2 2 4 
0 0 0 1 1 0 3 3 1 4 
0 0 0 1 1 0 4 1 2 4 
0 0 0 1 1 0 4 2 1 4 
0 0 0 1 1 0 5 1 1 4 
0 0 0 1 1 1 0 1 5 -6 
0 0 0 1 1 1 0 2 4 4 
0 0 0 1 1 1 0 3 3 4 
0 0 0 1 1 1 0 4 2 4 
0 0 0 1 1 1 0 5 1 4 
0 0 0 1 1 1 1 0 5 4 
0 0 0 1 1 1 1 1 4 1 
0 0 0 1 1 1 1 2 3 1 
0 0 0 1 1 1 1 3 2 1 
0 0 0 1 1 1 1 4 1 1 
0 0 0 1 1 1 2 0 4 4 
0 0 0 1 1 1 2 1 3 1 
0 0 0 1 1 1 2 2 2 1 
0 0 0 1 1 1 2 3 1 1 
0 0 0 1 1 1 3 0 3 4 
0 0 0 1 1 1 3 1 2 1 
0 0 0 1 1 1 3 2 1 1 
0 0 0 1 1 1 4 0 2 4 
0 0 0 1 1 1 4 1 1 1 
0 0 0 1 1 1 5 0 1 10 
0 0 0 1 1 2 0 1 4 -2 
0 0 0 1 1 2 0 2 3 4 
0 0 0 1 1 2 0 3 2 4 
0 0 0 1 1 2 0 4 1 4 
0 0 0 1 1 2 1 0 4 4 
0 0 0 1 1 2 1 1 3 1 
0 0 0 1 1 2 1 2 2 1 
0 0 0 1 1 2 1 3 1 1 
0 0 0 1 1 2 2 0 3 4 
0 0 0 1 1 2 2 1 2 1 
0 0 0 1 1 2 2 2 1 1 
0 0 0 1 1 2 3 0 2 4 
0 0 0 1 1 2 3 1 1 1 
0 0 0 1 1 2 4 0 1 10 
0 0 0 1 1 3 0 1 3 2 
0 0 0 1 1 3 0 2 2 4 
0 0 0 1 1 3 0 3 1 4 
0 0 0 1 1 3 1 0 3 4 
0 0 0 1 1 3 1 1 2 1 
0 0 0 1 1 3 1 2 1 1 
0 0 0 1 1 3 2 0 2 4 
0 0 0 1 1 3 2 1 1 1 
0 0 0 1 1 3 3 0 1 10 
0 0 0 1 1 4 0 1 2 6 
0 0 0 1 1 4 0 2 1 4 
0 0 0 1 1 4 1 0 2 4 
0 0 0 1 1 4 1 1 1 1 
0 0 0 1 1 4 2 0 1 10 
0 0 0 1 1 5 0 1 1 10 
0 0 0 1 1 5 1 0 1 10 
0 0 0 1 2 0 1 0 5 20 
0 0 0 1 2 0 1 1 4 -2 
0 0 0 1 2 0 1 2 3 -2 
0 0 0 1 2 0 1 3 2 -2 
0 0 0 1 2 0 1 4 1 -2 
0 0 0 1 2 0 2 0 4 20 
0 0 0 1 2 0 2 1 3 4 
0 0 0 1 2 0 2 2 2 4 
0 0 0 1 2 0 2 3 1 4 
0 0 0 1 2 0 3 0 3 10 
0 0 0 1 2 0 3 1 2 4 
0 0 0 1 2 0 3 2 1 4 
0 0 0 1 2 0 4 1 1 4 
0 0 0 1 2 1 0 1 4 -2 
0 0 0 1 2 1 0 2 3 4 
0 0 0 1 2 1 0 3 2 4 
0 0 0 1 2 1 0 4 1 4 
0 0 0 1 2 1 1 0 4 4 
0 0 0 1 2 1 1 1 3 1 
0 0 0 1 2 1 1 2 2 1 
0 0 0 1 2 1 1 3 1 1 
0 0 0 1 2 1 2 0 3 4 
0 0 0 1 2 1 2 1 2 1 
0 0 0 1 2 1 2 2 1 1 
0 0 0 1 2 1 3 0 2 4 
0 0 0 1 2 1 3 1 1 1 
0 0 0 1 2 1 4 0 1 10 
0 0 0 1 2 2 0 1 3 2 
0 0 0 1 2 2 0 2 2 4 
0 0 0 1 2 2 0 3 1 4 
0 0 0 1 2 2 1 0 3 4 
0 0 0 1 2 2 1 1 2 1 
0 0 0 1 2 2 1 2 1 1 
0 0 0 1 2 2 2 0 2 4 
0 0 0 1 2 2 2 1 1 1 
0 0 0 1 2 2 3 0 1 10 
0 0 0 1 2 3 0 1 2 6 
0 0 0 1 2 3 0 2 1 4 
0 0 0 1 2 3 1 0 2 4 
0 0 0 1 2 3 1 1 1 1 
0 0 0 1 2 3 2 0 1 10 
0 0 0 1 2 4 0 1 1 10 
0 0 0 1 2 4 1 0 1 10 
0 0 0 1 3 0 1 0 4 30 
0 0 0 1 3 0 1 1 3 2 
0 0 0 1 3 0 1 2 2 2 
0 0 0 1 3 0 1 3 1 2 
0 0 0 1 3 0 2 0 3 20 
0 0 0 1 3 0 2 1 2 4 
0 0 0 1 3 0 2 2 1 4 
0 0 0 1 3 0 3 1 1 4 
0 0 0 1 3 1 0 1 3 2 
0 0 0 1 3 1 0 2 2 4 
0 0 0 1 3 1 0 3 1 4 
0 0 0 1 3 1 1 0 3 4 
0 0 0 1 3 1 1 1 2 1 
0 0 0 1 3 1 1 2 1 1 
0 0 0 1 3 1 2 0 2 4 
0 0 0 1 3 1 2 1 1 1 
0 0 0 1 3 1 3 0 1 10 
0 0 0 1 3 2 0 1 2 6 
0 0 0 1 3 2 0 2 1 4 
0 0 0 1 3 2 1 0 2 4 
0 0 0 1 3 2 1 1 1 1 
0 0 0 1 3 2 2 0 1 10 
0 0 0 1 3 3 0 1 1 10 
0 0 0 1 3 3 1 0 1 10 
0 0 0 1 4 0 1 0 3 40 
0 0 0 1 4 0 1 1 2 6 
0 0 0 1 4 0 1 2 1 6 
0 0 0 1 4 0 2 0 2 10 
0 0 0 1 4 0 2 1 1 4 
0 0 0 1 4 1 0 1 2 6 
0 0 0 1 4 1 0 2 1 4 
0 0 0 1 4 1 1 0 2 4 
0 0 0 1 4 1 1 1 1 1 
0 0 0 1 4 1 2 0 1 10 
0 0 0 1 4 2 0 1 1 10 
0 0 0 1 4 2 1 0 1 10 
0 0 0 1 5 0 1 0 2 50 
0 0 0 1 5 0 1 1 1 10 
0 0 0 1 5 1 0 1 1 10 
0 0 0 1 5 1 1 0 1 10 
0 0 0 1 6 0 1 0 1 20 
0 0 0 2 0 2 0 2 3 -10 
0 0 0 2 0 2 0 3 2 10 
0 0 0 2 0 2 0 4 1 10 
0 0 0 2 0 2 1 0 4 10 
0 0 0 2 0 2 1 1 3 -2 
0 0 0 2 0 2 1 2 2 -2 
0 0 0 2 0 2 1 3 1 -2 
0 0 0 2 0 2 2 1 2 -2 
0 0 0 2 0 2 2 2 1 -2 
0 0 0 2 0 2 3 0 2 10 
0 0 0 2 0 2 3 1 1 -2 
0 0 0 2 0 3 0 3 1 10 
0 0 0 2 0 3 1 0 3 10 
0 0 0 2 0 3 1 1 2 4 
0 0 0 2 0 3 1 2 1 4 
0 0 0 2 0 3 2 1 1 4 
0 0 0 2 0 4 1 1 1 4 
0 0 0 2 1 0 2 0 4 10 
0 0 0 2 1 0 2 1 3 -2 
0 0 0 2 1 0 2 2 2 -2 
0 0 0 2 1 0 2 3 1 -2 
0 0 0 2 1 0 3 0 3 10 
0 0 0 2 1 0 3 1 2 4 
0 0 0 2 1 0 3 2 1 4 
0 0 0 2 1 0 4 1 1 4 
0 0 0 2 1 1 0 2 3 -2 
0 0 0 2 1 1 0 3 2 4 
0 0 0 2 1 1 0 4 1 4 
0 0 0 2 1 1 1 0 4 4 
0 0 0 2 1 1 1 1 3 1 
0 0 0 2 1 1 1 2 2 1 
0 0 0 2 1 1 1 3 1 1 
0 0 0 2 1 1 2 0 3 4 
0 0 0 2 1 1 2 1 2 1 
0 0 0 2 1 1 2 2 1 1 
0 0 0 2 1 1 3 0 2 6 
0 0 0 2 1 1 3 1 1 1 
0 0 0 2 1 2 0 2 2 2 
0 0 0 2 1 2 0 3 1 4 
0 0 0 2 1 2 1 0 3 4 
0 0 0 2 1 2 1 1 2 1 
0 0 0 2 1 2 1 2 1 1 
0 0 0 2 1 2 2 0 2 6 
0 0 0 2 1 2 2 1 1 1 
0 0 0 2 1 3 0 2 1 6 
0 0 0 2 1 3 1 0 2 6 
0 0 0 2 1 3 1 1 1 1 
0 0 0 2 2 0 2 0 3 20 
0 0 0 2 2 0 2 1 2 2 
0 0 0 2 2 0 2 2 1 2 
0 0 0 2 2 0 3 1 1 4 
0 0 0 2 2 1 0 2 2 2 
0 0 0 2 2 1 0 3 1 4 
0 0 0 2 2 1 1 0 3 4 
0 0 0 2 2 1 1 1 2 1 
0 0 0 2 2 1 1 2 1 1 
0 0 0 2 2 1 2 0 2 6 
0 0 0 2 2 1 2 1 1 1 
0 0 0 2 2 2 0 2 1 6 
0 0 0 2 2 2 1 0 2 6 
0 0 0 2 2 2 1 1 1 1 
0 0 0 2 3 0 2 0 2 10 
0 0 0 2 3 0 2 1 1 6 
0 0 0 2 3 1 0 2 1 6 
0 0 0 2 3 1 1 0 2 6 
0 0 0 2 3 1 1 1 1 1 
0 0 0 3 0 3 1 1 1 2 
0 0 0 3 1 0 3 1 1 2 
0 0 0 3 1 1 0 3 1 2 
0 0 0 3 1 1 1 0 3 2 
0 0 0 3 1 1 1 1 2 1 
0 0 0 3 1 1 1 2 1 1 
0 0 0 3 1 1 2 1 1 1 
0 0 0 3 1 2 1 1 1 1 
0 0 0 3 2 1 1 1 1 1 
0 0 0 4 1 1 1 1 1 1 
0 0 1 0 1 0 1 0 6 10 
0 0 1 0 1 0 1 1 5 -14 
0 0 1 0 1 0 1 2 4 -14 
0 0 1 0 1 0 1 3 3 -14 
0 0 1 0 1 0 1 4 2 -14 
0 0 1 0 1 0 1 5 1 -14 
0 0 1 0 1 0 2 0 5 30 
0 0 1 0 1 0 2 1 4 6 
0 0 1 0 1 0 2 2 3 6 
0 0 1 0 1 0 2 3 2 6 
0 0 1 0 1 0 2 4 1 6 
0 0 1 0 1 0 3 0 4 30 
0 0 1 0 1 0 3 1 3 6 
0 0 1 0 1 0 3 2 2 6 
0 0 1 0 1 0 3 3 1 6 
0 0 1 0 1 0 4 1 2 6 
0 0 1 0 1 0 4 2 1 6 
0 0 1 0 1 0 5 1 1 6 
0 0 1 0 1 1 0 1 5 -14 
0 0 1 0 1 1 0 2 4 6 
0 0 1 0 1 1 0 3 3 6 
0 0 1 0 1 1 0 4 2 6 
0 0 1 0 1 1 0 5 1 6 
0 0 1 0 1 1 1 0 5 6 
0 0 1 0 1 1 1 1 4 -3 
0 0 1 0 1 1 1 2 3 -3 
0 0 1 0 1 1 1 3 2 -3 
0 0 1 0 1 1 1 4 1 -3 
0 0 1 0 1 1 2 1 3 -3 
0 0 1 0 1 1 2 2 2 -3 
0 0 1 0 1 1 2 3 1 -3 
0 0 1 0 1 1 3 0 3 -6 
0 0 1 0 1 1 3 1 2 -3 
0 0 1 0 1 1 3 2 1 -3 
0 0 1 0 1 1 4 0 2 -12 
0 0 1 0 1 1 4 1 1 -3 
0 0 1 0 1 1 5 0 1 10 
0 0 1 0 1 2 0 1 4 -8 
0 0 1 0 1 2 1 1 3 -3 
0 0 1 0 1 2 1 2 2 -3 
0 0 1 0 1 2 1 3 1 -3 
0 0 1 0 1 2 2 0 3 -6 
0 0 1 0 1 2 2 1 2 -3 
0 0 1 0 1 2 2 2 1 -3 
0 0 1 0 1 2 3 0 2 -12 
0 0 1 0 1 2 3 1 1 -3 
0 0 1 0 1 2 4 0 1 10 
0 0 1 0 1 3 0 1 3 -2 
0 0 1 0 1 3 0 2 2 -6 
0 0 1 0 1 3 0 3 1 -6 
0 0 1 0 1 3 1 0 3 -6 
0 0 1 0 1 3 1 1 2 -3 
0 0 1 0 1 3 1 2 1 -3 
0 0 1 0 1 3 2 0 2 -12 
0 0 1 0 1 3 2 1 1 -3 
0 0 1 0 1 3 3 0 1 10 
0 0 1 0 1 4 0 1 2 4 
0 0 1 0 1 4 0 2 1 -12 
0 0 1 0 1 4 1 0 2 -12 
0 0 1 0 1 4 1 1 1 -3 
0 0 1 0 1 4 2 0 1 10 
0 0 1 0 1 5 0 1 1 10 
0 0 1 0 1 5 1 0 1 10 
0 0 1 0 2 0 2 0 4 30 
0 0 1 0 2 0 2 1 3 -6 
0 0 1 0 2 0 2 2 2 -6 
0 0 1 0 2 0 2 3 1 -6 
0 0 1 0 2 0 3 0 3 30 
0 0 1 0 2 0 3 1 2 12 
0 0 1 0 2 0 3 2 1 12 
0 0 1 0 2 0 4 1 1 12 
0 0 1 0 2 1 0 2 3 -6 
0 0 1 0 2 1 0 3 2 12 
0 0 1 0 2 1 0 4 1 12 
0 0 1 0 2 1 1 0 4 12 
0 0 1 0 2 1 1 1 3 3 
0 0 1 0 2 1 1 2 2 3 
0 0 1 0 2 1 1 3 1 3 
0 0 1 0 2 1 2 0 3 12 
0 0 1 0 2 1 2 1 2 3 
0 0 1 0 2 1 2 2 1 3 
0 0 1 0 2 1 3 0 2 18 
0 0 1 0 2 1 3 1 1 3 
0 0 1 0 2 2 0 2 2 6 
0 0 1 0 2 2 0 3 1 12 
0 0 1 0 2 2 1 0 3 12 
0 0 1 0 2 2 1 1 2 3 
0 0 1 0 2 2 1 2 1 3 
0 0 1 0 2 2 2 0 2 18 
0 0 1 0 2 2 2 1 1 3 
0 0 1 0 2 3 0 2 1 18 
0 0 1 0 2 3 1 0 2 18 
0 0 1 0 2 3 1 1 1 3 
0 0 1 0 3 0 3 1 1 6 
0 0 1 0 3 1 0 3 1 6 
0 0 1 0 3 1 1 0 3 6 
0 0 1 0 3 1 1 1 2 3 
0 0 1 0 3 1 1 2 1 3 
0 0 1 0 3 1 2 1 1 3 
0 0 1 0 3 2 1 1 1 3 
0 0 1 0 4 1 1 1 1 3 
0 0 1 1 0 1 0 1 5 -14 
0 0 1 1 0 1 0 2 4 6 
0 0 1 1 0 1 0 3 3 6 
0 0 1 1 0 1 0 4 2 6 
0 0 1 1 0 1 0 5 1 6 
0 0 1 1 0 1 1 0 5 6 
0 0 1 1 0 1 1 1 4 -3 
0 0 1 1 0 1 1 2 3 -3 
0 0 1 1 0 1 1 3 2 -3 
0 0 1 1 0 1 1 4 1 -3 
0 0 1 1 0 1 2 1 3 -3 
0 0 1 1 0 1 2 2 2 -3 
0 0 1 1 0 1 2 3 1 -3 
0 0 1 1 0 1 3 0 3 -6 
0 0 1 1 0 1 3 1 2 -3 
0 0 1 1 0 1 3 2 1 -3 
0 0 1 1 0 1 4 0 2 -12 
0 0 1 1 0 1 4 1 1 -3 
0 0 1 1 0 1 5 0 1 10 
0 0 1 1 0 2 0 2 3 -6 
0 0 1 1 0 2 0 3 2 12 
0 0 1 1 0 2 0 4 1 12 
0 0 1 1 0 2 1 0 4 12 
0 0 1 1 0 2 1 1 3 3 
0 0 1 1 0 2 1 2 2 3 
0 0 1 1 0 2 1 3 1 3 
0 0 1 1 0 2 2 0 3 12 
0 0 1 1 0 2 2 1 2 3 
0 0 1 1 0 2 2 2 1 3 
0 0 1 1 0 2 3 0 2 18 
0 0 1 1 0 2 3 1 1 3 
0 0 1 1 0 3 0 3 1 6 
0 0 1 1 0 3 1 0 3 6 
0 0 1 1 0 3 1 1 2 3 
0 0 1 1 0 3 1 2 1 3 
0 0 1 1 0 3 2 1 1 3 
0 0 1 1 0 4 1 1 1 3 
0 0 1 1 1 0 1 0 5 6 
0 0 1 1 1 0 1 1 4 -3 
0 0 1 1 1 0 1 2 3 -3 
0 0 1 1 1 0 1 3 2 -3 
0 0 1 1 1 0 1 4 1 -3 
0 0 1 1 1 0 2 0 4 12 
0 0 1 1 1 0 2 1 3 3 
0 0 1 1 1 0 2 2 2 3 
0 0 1 1 1 0 2 3 1 3 
0 0 1 1 1 0 3 0 3 6 
0 0 1 1 1 0 3 1 2 3 
0 0 1 1 1 0 3 2 1 3 
0 0 1 1 1 0 4 1 1 3 
0 0 1 1 1 1 0 1 4 -3 
0 0 1 1 1 1 0 2 3 3 
0 0 1 1 1 1 0 3 2 3 
0 0 1 1 1 1 0 4 1 3 
0 0 1 1 1 1 1 0 4 3 
0 0 1 1 1 1 1 1 3 1 
0 0 1 1 1 1 1 2 2 1 
0 0 1 1 1 1 1 3 1 1 
0 0 1 1 1 1 2 0 3 3 
0 0 1 1 1 1 2 1 2 1 
0 0 1 1 1 1 2 2 1 1 
0 0 1 1 1 1 3 0 2 3 
0 0 1 1 1 1 3 1 1 1 
0 0 1 1 1 1 4 0 1 6 
0 0 1 1 1 2 0 2 2 3 
0 0 1 1 1 2 0 3 1 3 
0 0 1 1 1 2 1 0 3 3 
0 0 1 1 1 2 1 1 2 1 
0 0 1 1 1 2 1 2 1 1 
0 0 1 1 1 2 2 0 2 3 
0 0 1 1 1 2 2 1 1 1 
0 0 1 1 1 2 3 0 1 6 
0 0 1 1 1 3 0 1 2 3 
0 0 1 1 1 3 0 2 1 3 
0 0 1 1 1 3 1 0 2 3 
0 0 1 1 1 3 1 1 1 1 
0 0 1 1 1 3 2 0 1 6 
0 0 1 1 1 4 0 1 1 6 
0 0 1 1 1 4 1 0 1 6 
0 0 1 1 2 0 1 0 4 12 
0 0 1 1 2 0 2 0 3 12 
0 0 1 1 2 0 2 1 2 3 
0 0 1 1 2 0 2 2 1 3 
0 0 1 1 2 0 3 1 1 3 
0 0 1 1 2 1 0 2 2 3 
0 0 1 1 2 1 0 3 1 3 
0 0 1 1 2 1 1 0 3 3 
0 0 1 1 2 1 1 1 2 1 
0 0 1 1 2 1 1 2 1 1 
0 0 1 1 2 1 2 0 2 3 
0 0 1 1 2 1 2 1 1 1 
0 0 1 1 2 1 3 0 1 6 
0 0 1 1 2 2 0 1 2 3 
0 0 1 1 2 2 0 2 1 3 
0 0 1 1 2 2 1 0 2 3 
0 0 1 1 2 2 1 1 1 1 
0 0 1 1 2 2 2 0 1 6 
0 0 1 1 2 3 0 1 1 6 
0 0 1 1 2 3 1 0 1 6 
0 0 1 1 3 0 1 0 3 18 
0 0 1 1 3 0 1 1 2 3 
0 0 1 1 3 0 1 2 1 3 
0 0 1 1 3 0 2 0 2 6 
0 0 1 1 3 0 2 1 1 3 
0 0 1 1 3 1 0 1 2 3 
0 0 1 1 3 1 0 2 1 3 
0 0 1 1 3 1 1 0 2 3 
0 0 1 1 3 1 1 1 1 1 
0 0 1 1 3 1 2 0 1 6 
0 0 1 1 3 2 0 1 1 6 
0 0 1 1 3 2 1 0 1 6 
0 0 1 1 4 0 1 0 2 24 
0 0 1 1 4 0 1 1 1 6 
0 0 1 1 4 1 0 1 1 6 
0 0 1 1 4 1 1 0 1 6 
0 0 1 1 5 0 1 0 1 10 
0 0 1 2 0 1 0 1 4 -8 
0 0 1 2 0 1 0 2 3 12 
0 0 1 2 0 1 0 3 2 12 
0 0 1 2 0 1 0 4 1 12 
0 0 1 2 0 1 1 0 4 12 
0 0 1 2 0 1 2 0 3 6 
0 0 1 2 0 1 4 0 1 10 
0 0 1 2 0 2 0 3 1 12 
0 0 1 2 0 2 1 0 3 12 
0 0 1 2 0 2 1 1 2 3 
0 0 1 2 0 2 1 2 1 3 
0 0 1 2 0 2 2 0 2 12 
0 0 1 2 0 2 2 1 1 3 
0 0 1 2 0 3 1 1 1 3 
0 0 1 2 1 0 1 0 4 12 
0 0 1 2 1 0 2 0 3 12 
0 0 1 2 1 0 2 1 2 3 
0 0 1 2 1 0 2 2 1 3 
0 0 1 2 1 0 3 1 1 3 
0 0 1 2 1 1 0 2 2 3 
0 0 1 2 1 1 0 3 1 3 
0 0 1 2 1 1 1 0 3 3 
0 0 1 2 1 1 1 1 2 1 
0 0 1 2 1 1 1 2 1 1 
0 0 1 2 1 1 2 0 2 3 
0 0 1 2 1 1 2 1 1 1 
0 0 1 2 1 1 3 0 1 6 
0 0 1 2 1 2 0 1 2 3 
0 0 1 2 1 2 0 2 1 3 
0 0 1 2 1 2 1 0 2 3 
0 0 1 2 1 2 1 1 1 1 
0 0 1 2 1 2 2 0 1 6 
0 0 1 2 1 3 0 1 1 6 
0 0 1 2 1 3 1 0 1 6 
0 0 1 2 2 0 1 0 3 18 
0 0 1 2 2 0 1 1 2 3 
0 0 1 2 2 0 1 2 1 3 
0 0 1 2 2 0 2 0 2 6 
0 0 1 2 2 0 2 1 1 3 
0 0 1 2 2 1 0 1 2 3 
0 0 1 2 2 1 0 2 1 3 
0 0 1 2 2 1 1 0 2 3 
0 0 1 2 2 1 1 1 1 1 
0 0 1 2 2 1 2 0 1 6 
0 0 1 2 2 2 0 1 1 6 
0 0 1 2 2 2 1 0 1 6 
0 0 1 2 3 0 1 0 2 24 
0 0 1 2 3 0 1 1 1 6 
0 0 1 2 3 1 0 1 1 6 
0 0 1 2 3 1 1 0 1 6 
0 0 1 2 4 0 1 0 1 10 
0 0 1 3 0 1 0 1 3 -2 
0 0 1 3 0 1 0 2 2 18 
0 0 1 3 0 1 0 3 1 18 
0 0 1 3 0 1 1 0 3 18 
0 0 1 3 0 1 1 1 2 3 
0 0 1 3 0 1 1 2 1 3 
0 0 1 3 0 1 2 0 2 12 
0 0 1 3 0 1 2 1 1 3 
0 0 1 3 0 1 3 0 1 10 
0 0 1 3 0 2 0 2 1 6 
0 0 1 3 0 2 1 0 2 6 
0 0 1 3 0 2 1 1 1 3 
0 0 1 3 1 0 1 0 3 18 
0 0 1 3 1 0 1 1 2 3 
0 0 1 3 1 0 1 2 1 3 
0 0 1 3 1 0 2 0 2 6 
0 0 1 3 1 0 2 1 1 3 
0 0 1 3 1 1 0 1 2 3 
0 0 1 3 1 1 0 2 1 3 
0 0 1 3 1 1 1 0 2 3 
0 0 1 3 1 1 1 1 1 1 
0 0 1 3 1 1 2 0 1 6 
0 0 1 3 1 2 0 1 1 6 
0 0 1 3 1 2 1 0 1 6 
0 0 1 3 2 0 1 0 2 24 
0 0 1 3 2 0 1 1 1 6 
0 0 1 3 2 1 0 1 1 6 
0 0 1 3 2 1 1 0 1 6 
0 0 1 3 3 0 1 0 1 10 
0 0 1 4 0 1 0 1 2 4 
0 0 1 4 0 1 0 2 1 24 
0 0 1 4 0 1 1 0 2 24 
0 0 1 4 0 1 1 1 1 6 
0 0 1 4 0 1 2 0 1 10 
0 0 1 4 1 0 1 0 2 24 
0 0 1 4 1 0 1 1 1 6 
0 0 1 4 1 1 0 1 1 6 
0 0 1 4 1 1 1 0 1 6 
0 0 1 4 2 0 1 0 1 10 
0 0 1 5 0 1 0 1 1 10 
0 0 1 5 0 1 1 0 1 10 
0 0 1 5 1 0 1 0 1 10 
0 0 2 0 2 0 2 0 3 10 
0 0 2 0 2 0 2 1 2 -2 
0 0 2 0 2 0 2 2 1 -2 
0 0 2 0 2 0 3 1 1 6 
0 0 2 0 2 1 0 2 2 -2 
0 0 2 0 2 1 0 3 1 6 
0 0 2 0 2 1 1 0 3 6 
0 0 2 0 2 1 2 0 2 4 
0 0 2 0 2 2 0 2 1 4 
0 0 2 0 2 2 1 0 2 4 
0 0 2 0 3 1 1 1 1 3 
0 0 2 1 0 2 0 2 2 -2 
0 0 2 1 0 2 0 3 1 6 
0 0 2 1 0 2 1 0 3 6 
0 0 2 1 0 2 2 0 2 4 
0 0 2 1 0 3 1 1 1 3 
0 0 2 1 1 0 2 0 3 6 
0 0 2 1 1 0 3 1 1 3 
0 0 2 1 1 1 0 3 1 3 
0 0 2 1 1 1 1 0 3 3 
0 0 2 1 1 1 1 1 2 1 
0 0 2 1 1 1 1 2 1 1 
0 0 2 1 1 1 2 0 2 3 
0 0 2 1 1 1 2 1 1 1 
0 0 2 1 1 2 0 2 1 3 
0 0 2 1 1 2 1 0 2 3 
0 0 2 1 1 2 1 1 1 1 
0 0 2 1 2 0 2 0 2 4 
0 0 2 1 2 0 2 1 1 3 
0 0 2 1 2 1 0 2 1 3 
0 0 2 1 2 1 1 0 2 3 
0 0 2 1 2 1 1 1 1 1 
0 0 2 2 0 2 0 2 1 4 
0 0 2 2 0 2 1 0 2 4 
0 0 2 2 0 2 1 1 1 3 
0 0 2 2 1 0 2 0 2 4 
0 0 2 2 1 0 2 1 1 3 
0 0 2 2 1 1 0 2 1 3 
0 0 2 2 1 1 1 0 2 3 
0 0 2 2 1 1 1 1 1 1 
0 0 3 1 1 1 1 1 1 1 
0 1 0 1 0 1 0 1 5 -11 
0 1 0 1 0 1 0 2 4 4 
0 1 0 1 0 1 0 3 3 4 
0 1 0 1 0 1 0 4 2 4 
0 1 0 1 0 1 0 5 1 4 
0 1 0 1 0 1 1 0 5 4 
0 1 0 1 0 1 1 1 4 -5 
0 1 0 1 0 1 1 2 3 -5 
0 1 0 1 0 1 1 3 2 -5 
0 1 0 1 0 1 1 4 1 -5 
0 1 0 1 0 1 2 0 4 -4 
0 1 0 1 0 1 2 1 3 -5 
0 1 0 1 0 1 2 2 2 -5 
0 1 0 1 0 1 2 3 1 -5 
0 1 0 1 0 1 3 0 3 -12 
0 1 0 1 0 1 3 1 2 -5 
0 1 0 1 0 1 3 2 1 -5 
0 1 0 1 0 1 4 0 2 -20 
0 1 0 1 0 1 4 1 1 -5 
0 1 0 1 0 1 5 0 1 5 
0 1 0 1 0 2 0 2 3 -6 
0 1 0 1 0 2 0 3 2 12 
0 1 0 1 0 2 0 4 1 12 
0 1 0 1 0 2 1 0 4 12 
0 1 0 1 0 2 1 1 3 3 
0 1 0 1 0 2 1 2 2 3 
0 1 0 1 0 2 1 3 1 3 
0 1 0 1 0 2 2 0 3 12 
0 1 0 1 0 2 2 1 2 3 
0 1 0 1 0 2 2 2 1 3 
0 1 0 1 0 2 3 0 2 18 
0 1 0 1 0 2 3 1 1 3 
0 1 0 1 0 3 0 3 1 6 
0 1 0 1 0 3 1 0 3 6 
0 1 0 1 0 3 1 1 2 3 
0 1 0 1 0 3 1 2 1 3 
0 1 0 1 0 3 2 1 1 3 
0 1 0 1 0 4 1 1 1 3 
0 1 0 1 1 0 1 0 5 4 
0 1 0 1 1 0 1 1 4 -5 
0 1 0 1 1 0 1 2 3 -5 
0 1 0 1 1 0 1 3 2 -5 
0 1 0 1 1 0 1 4 1 -5 
0 1 0 1 1 0 2 0 4 12 
0 1 0 1 1 0 2 1 3 3 
0 1 0 1 1 0 2 2 2 3 
0 1 0 1 1 0 2 3 1 3 
0 1 0 1 1 0 3 0 3 6 
0 1 0 1 1 0 3 1 2 3 
0 1 0 1 1 0 3 2 1 3 
0 1 0 1 1 0 4 1 1 3 
0 1 0 1 1 1 0 1 4 -5 
0 1 0 1 1 1 0 2 3 3 
0 1 0 1 1 1 0 3 2 3 
0 1 0 1 1 1 0 4 1 3 
0 1 0 1 1 1 1 0 4 3 
0 1 0 1 1 1 1 1 3 -1 
0 1 0 1 1 1 1 2 2 -1 
0 1 0 1 1 1 1 3 1 -1 
0 1 0 1 1 1 2 1 2 -1 
0 1 0 1 1 1 2 2 1 -1 
0 1 0 1 1 1 3 0 2 -3 
0 1 0 1 1 1 3 1 1 -1 
0 1 0 1 1 1 4 0 1 4 
0 1 0 1 1 2 0 1 3 -2 
0 1 0 1 1 2 1 1 2 -1 
0 1 0 1 1 2 1 2 1 -1 
0 1 0 1 1 2 2 0 2 -3 
0 1 0 1 1 2 2 1 1 -1 
0 1 0 1 1 2 3 0 1 4 
0 1 0 1 1 3 0 1 2 1 
0 1 0 1 1 3 0 2 1 -3 
0 1 0 1 1 3 1 0 2 -3 
0 1 0 1 1 3 1 1 1 -1 
0 1 0 1 1 3 2 0 1 4 
0 1 0 1 1 4 0 1 1 4 
0 1 0 1 1 4 1 0 1 4 
0 1 0 1 2 0 1 0 4 8 
0 1 0 1 2 0 1 1 3 -2 
0 1 0 1 2 0 1 2 2 -2 
0 1 0 1 2 0 1 3 1 -2 
0 1 0 1 2 1 0 1 3 -2 
0 1 0 1 2 1 1 1 2 -1 
0 1 0 1 2 1 1 2 1 -1 
0 1 0 1 2 1 2 0 2 -3 
0 1 0 1 2 1 2 1 1 -1 
0 1 0 1 2 1 3 0 1 4 
0 1 0 1 2 2 0 1 2 1 
0 1 0 1 2 2 0 2 1 -3 
0 1 0 1 2 2 1 0 2 -3 
0 1 0 1 2 2 1 1 1 -1 
0 1 0 1 2 2 2 0 1 4 
0 1 0 1 2 3 0 1 1 4 
0 1 0 1 2 3 1 0 1 4 
0 1 0 1 3 0 1 0 3 12 
0 1 0 1 3 0 1 1 2 1 
0 1 0 1 3 0 1 2 1 1 
0 1 0 1 3 0 2 0 2 -6 
0 1 0 1 3 0 2 1 1 -3 
0 1 0 1 3 1 0 1 2 1 
0 1 0 1 3 1 0 2 1 -3 
0 1 0 1 3 1 1 0 2 -3 
0 1 0 1 3 1 1 1 1 -1 
0 1 0 1 3 1 2 0 1 4 
0 1 0 1 3 2 0 1 1 4 
0 1 0 1 3 2 1 0 1 4 
0 1 0 1 4 0 1 0 2 16 
0 1 0 1 4 0 1 1 1 4 
0 1 0 1 4 1 0 1 1 4 
0 1 0 1 4 1 1 0 1 4 
0 1 0 1 5 0 1 0 1 5 
0 1 0 2 0 2 0 2 2 -4 
0 1 0 2 0 2 0 3 1 12 
0 1 0 2 0 2 1 0 3 12 
0 1 0 2 0 2 2 0 2 8 
0 1 0 2 0 3 1 1 1 6 
0 1 0 2 1 0 2 0 3 12 
0 1 0 2 1 0 3 1 1 6 
0 1 0 2 1 1 0 3 1 6 
0 1 0 2 1 1 1 0 3 6 
0 1 0 2 1 1 1 1 2 2 
0 1 0 2 1 1 1 2 1 2 
0 1 0 2 1 1 2 0 2 6 
0 1 0 2 1 1 2 1 1 2 
0 1 0 2 1 2 0 2 1 6 
0 1 0 2 1 2 1 0 2 6 
0 1 0 2 1 2 1 1 1 2 
0 1 0 2 2 0 2 0 2 8 
0 1 0 2 2 0 2 1 1 6 
0 1 0 2 2 1 0 2 1 6 
0 1 0 2 2 1 1 0 2 6 
0 1 0 2 2 1 1 1 1 2 
0 1 0 3 1 1 1 1 1 2 
0 1 1 0 1 0 1 0 5 4 
0 1 1 0 1 0 1 1 4 -5 
0 1 1 0 1 0 1 2 3 -5 
0 1 1 0 1 0 1 3 2 -5 
0 1 1 0 1 0 1 4 1 -5 
0 1 1 0 1 0 2 0 4 12 
0 1 1 0 1 0 2 1 3 3 
0 1 1 0 1 0 2 2 2 3 
0 1 1 0 1 0 2 3 1 3 
0 1 1 0 1 0 3 0 3 6 
0 1 1 0 1 0 3 1 2 3 
0 1 1 0 1 0 3 2 1 3 
0 1 1 0 1 0 4 1 1 3 
0 1 1 0 1 1 0 1 4 -5 
0 1 1 0 1 1 0 2 3 3 
0 1 1 0 1 1 0 3 2 3 
0 1 1 0 1 1 0 4 1 3 
0 1 1 0 1 1 1 0 4 3 
0 1 1 0 1 1 1 1 3 -1 
0 1 1 0 1 1 1 2 2 -1 
0 1 1 0 1 1 1 3 1 -1 
0 1 1 0 1 1 2 1 2 -1 
0 1 1 0 1 1 2 2 1 -1 
0 1 1 0 1 1 3 0 2 -3 
0 1 1 0 1 1 3 1 1 -1 
0 1 1 0 1 1 4 0 1 4 
0 1 1 0 1 2 0 1 3 -2 
0 1 1 0 1 2 1 1 2 -1 
0 1 1 0 1 2 1 2 1 -1 
0 1 1 0 1 2 2 0 2 -3 
0 1 1 0 1 2 2 1 1 -1 
0 1 1 0 1 2 3 0 1 4 
0 1 1 0 1 3 0 1 2 1 
0 1 1 0 1 3 0 2 1 -3 
0 1 1 0 1 3 1 0 2 -3 
0 1 1 0 1 3 1 1 1 -1 
0 1 1 0 1 3 2 0 1 4 
0 1 1 0 1 4 0 1 1 4 
0 1 1 0 1 4 1 0 1 4 
0 1 1 0 2 0 2 0 3 12 
0 1 1 0 2 0 3 1 1 6 
0 1 1 0 2 1 0 3 1 6 
0 1 1 0 2 1 1 0 3 6 
0 1 1 0 2 1 1 1 2 2 
0 1 1 0 2 1 1 2 1 2 
0 1 1 0 2 1 2 0 2 6 
0 1 1 0 2 1 2 1 1 2 
0 1 1 0 2 2 0 2 1 6 
0 1 1 0 2 2 1 0 2 6 
0 1 1 0 2 2 1 1 1 2 
0 1 1 0 3 1 1 1 1 2 
0 1 1 1 0 1 0 1 4 -5 
0 1 1 1 0 1 0 2 3 3 
0 1 1 1 0 1 0 3 2 3 
0 1 1 1 0 1 0 4 1 3 
0 1 1 1 0 1 1 0 4 3 
0 1 1 1 0 1 1 1 3 -1 
0 1 1 1 0 1 1 2 2 -1 
0 1 1 1 0 1 1 3 1 -1 
0 1 1 1 0 1 2 1 2 -1 
0 1 1 1 0 1 2 2 1 -1 
0 1 1 1 0 1 3 0 2 -3 
0 1 1 1 0 1 3 1 1 -1 
0 1 1 1 0 1 4 0 1 4 
0 1 1 1 0 2 0 3 1 6 
0 1 1 1 0 2 1 0 3 6 
0 1 1 1 0 2 1 1 2 2 
0 1 1 1 0 2 1 2 1 2 
0 1 1 1 0 2 2 0 2 6 
0 1 1 1 0 2 2 1 1 2 
0 1 1 1 0 3 1 1 1 2 
0 1 1 1 1 0 1 0 4 3 
0 1 1 1 1 0 1 1 3 -1 
0 1 1 1 1 0 1 2 2 -1 
0 1 1 1 1 0 1 3 1 -1 
0 1 1 1 1 0 2 0 3 6 
0 1 1 1 1 0 2 1 2 2 
0 1 1 1 1 0 2 2 1 2 
0 1 1 1 1 0 3 1 1 2 
0 1 1 1 1 1 0 1 3 -1 
0 1 1 1 1 1 0 2 2 2 
0 1 1 1 1 1 0 3 1 2 
0 1 1 1 1 1 1 0 3 2 
0 1 1 1 1 1 1 1 2 1 
0 1 1 1 1 1 1 2 1 1 
0 1 1 1 1 1 2 0 2 2 
0 1 1 1 1 1 2 1 1 1 
0 1 1 1 1 1 3 0 1 3 
0 1 1 1 1 2 0 1 2 1 
0 1 1 1 1 2 0 2 1 2 
0 1 1 1 1 2 1 0 2 2 
0 1 1 1 1 2 1 1 1 1 
0 1 1 1 1 2 2 0 1 3 
0 1 1 1 1 3 0 1 1 3 
0 1 1 1 1 3 1 0 1 3 
0 1 1 1 2 0 1 0 3 6 
0 1 1 1 2 0 1 1 2 1 
0 1 1 1 2 0 1 2 1 1 
0 1 1 1 2 0 2 0 2 3 
0 1 1 1 2 0 2 1 1 2 
0 1 1 1 2 1 0 1 2 1 
0 1 1 1 2 1 0 2 1 2 
0 1 1 1 2 1 1 0 2 2 
0 1 1 1 2 1 1 1 1 1 
0 1 1 1 2 1 2 0 1 3 
0 1 1 1 2 2 0 1 1 3 
0 1 1 1 2 2 1 0 1 3 
0 1 1 1 3 0 1 0 2 9 
0 1 1 1 3 0 1 1 1 3 
0 1 1 1 3 1 0 1 1 3 
0 1 1 1 3 1 1 0 1 3 
0 1 1 1 4 0 1 0 1 4 
0 1 1 2 0 1 0 1 3 -2 
0 1 1 2 0 1 0 2 2 6 
0 1 1 2 0 1 0 3 1 6 
0 1 1 2 0 1 1 0 3 6 
0 1 1 2 0 1 1 1 2 1 
0 1 1 2 0 1 1 2 1 1 
0 1 1 2 0 1 2 0 2 3 
0 1 1 2 0 1 2 1 1 1 
0 1 1 2 0 1 3 0 1 4 
0 1 1 2 0 2 0 2 1 3 
0 1 1 2 0 2 1 0 2 3 
0 1 1 2 0 2 1 1 1 2 
0 1 1 2 1 0 1 0 3 6 
0 1 1 2 1 0 1 1 2 1 
0 1 1 2 1 0 1 2 1 1 
0 1 1 2 1 0 2 0 2 3 
0 1 1 2 1 0 2 1 1 2 
0 1 1 2 1 1 0 1 2 1 
0 1 1 2 1 1 0 2 1 2 
0 1 1 2 1 1 1 0 2 2 
0 1 1 2 1 1 1 1 1 1 
0 1 1 2 1 1 2 0 1 3 
0 1 1 2 1 2 0 1 1 3 
0 1 1 2 1 2 1 0 1 3 
0 1 1 2 2 0 1 0 2 9 
0 1 1 2 2 0 1 1 1 3 
0 1 1 2 2 1 0 1 1 3 
0 1 1 2 2 1 1 0 1 3 
0 1 1 2 3 0 1 0 1 4 
0 1 1 3 0 1 0 1 2 1 
0 1 1 3 0 1 0 2 1 9 
0 1 1 3 0 1 1 0 2 9 
0 1 1 3 0 1 1 1 1 3 
0 1 1 3 0 1 2 0 1 4 
0 1 1 3 1 0 1 0 2 9 
0 1 1 3 1 0 1 1 1 3 
0 1 1 3 1 1 0 1 1 3 
0 1 1 3 1 1 1 0 1 3 
0 1 1 3 2 0 1 0 1 4 
0 1 1 4 0 1 0 1 1 4 
0 1 1 4 0 1 1 0 1 4 
0 1 1 4 1 0 1 0 1 4 
0 1 2 0 1 0 1 0 4 8 
0 1 2 0 1 0 1 1 3 -2 
0 1 2 0 1 0 1 2 2 -2 
0 1 2 0 1 0 1 3 1 -2 
0 1 2 0 1 0 2 0 3 24 
0 1 2 0 1 0 2 1 2 6 
0 1 2 0 1 0 2 2 1 6 
0 1 2 0 1 0 3 1 1 6 
0 1 2 0 1 1 0 1 3 -2 
0 1 2 0 1 1 0 2 2 6 
0 1 2 0 1 1 0 3 1 6 
0 1 2 0 1 1 1 0 3 6 
0 1 2 0 1 1 1 1 2 1 
0 1 2 0 1 1 1 2 1 1 
0 1 2 0 1 1 2 0 2 3 
0 1 2 0 1 1 2 1 1 1 
0 1 2 0 1 1 3 0 1 4 
0 1 2 0 1 2 0 1 2 1 
0 1 2 0 1 2 0 2 1 3 
0 1 2 0 1 2 1 0 2 3 
0 1 2 0 1 2 1 1 1 1 
0 1 2 0 1 2 2 0 1 4 
0 1 2 0 1 3 0 1 1 4 
0 1 2 0 1 3 1 0 1 4 
0 1 2 0 2 0 2 0 2 4 
0 1 2 0 2 0 2 1 1 3 
0 1 2 0 2 1 0 2 1 3 
0 1 2 0 2 1 1 0 2 3 
0 1 2 0 2 1 1 1 1 2 
0 1 2 1 0 1 0 1 3 -2 
0 1 2 1 0 1 0 2 2 6 
0 1 2 1 0 1 0 3 1 6 
0 1 2 1 0 1 1 0 3 6 
0 1 2 1 0 1 1 1 2 1 
0 1 2 1 0 1 1 2 1 1 
0 1 2 1 0 1 2 0 2 3 
0 1 2 1 0 1 2 1 1 1 
0 1 2 1 0 1 3 0 1 4 
0 1 2 1 0 2 0 2 1 3 
0 1 2 1 0 2 1 0 2 3 
0 1 2 1 0 2 1 1 1 2 
0 1 2 1 1 0 1 0 3 6 
0 1 2 1 1 0 1 1 2 1 
0 1 2 1 1 0 1 2 1 1 
0 1 2 1 1 0 2 0 2 3 
0 1 2 1 1 0 2 1 1 2 
0 1 2 1 1 1 0 1 2 1 
0 1 2 1 1 1 0 2 1 2 
0 1 2 1 1 1 1 0 2 2 
0 1 2 1 1 1 1 1 1 1 
0 1 2 1 1 1 2 0 1 3 
0 1 2 1 1 2 0 1 1 3 
0 1 2 1 1 2 1 0 1 3 
0 1 2 1 2 0 1 0 2 9 
0 1 2 1 2 0 1 1 1 3 
0 1 2 1 2 1 0 1 1 3 
0 1 2 1 2 1 1 0 1 3 
0 1 2 1 3 0 1 0 1 4 
0 1 2 2 0 1 0 1 2 1 
0 1 2 2 0 1 0 2 1 9 
0 1 2 2 0 1 1 0 2 9 
0 1 2 2 0 1 1 1 1 3 
0 1 2 2 0 1 2 0 1 4 
0 1 2 2 1 0 1 0 2 9 
0 1 2 2 1 0 1 1 1 3 
0 1 2 2 1 1 0 1 1 3 
0 1 2 2 1 1 1 0 1 3 
0 1 2 2 2 0 1 0 1 4 
0 1 2 3 0 1 0 1 1 4 
0 1 2 3 0 1 1 0 1 4 
0 1 2 3 1 0 1 0 1 4 
0 1 3 0 1 0 1 0 3 12 
0 1 3 0 1 0 1 1 2 1 
0 1 3 0 1 0 1 2 1 1 
0 1 3 0 1 0 2 0 2 18 
0 1 3 0 1 0 2 1 1 9 
0 1 3 0 1 1 0 1 2 1 
0 1 3 0 1 1 0 2 1 9 
0 1 3 0 1 1 1 0 2 9 
0 1 3 0 1 1 1 1 1 3 
0 1 3 0 1 1 2 0 1 4 
0 1 3 0 1 2 0 1 1 4 
0 1 3 0 1 2 1 0 1 4 
0 1 3 1 0 1 0 1 2 1 
0 1 3 1 0 1 0 2 1 9 
0 1 3 1 0 1 1 0 2 9 
0 1 3 1 0 1 1 1 1 3 
0 1 3 1 0 1 2 0 1 4 
0 1 3 1 1 0 1 0 2 9 
0 1 3 1 1 0 1 1 1 3 
0 1 3 1 1 1 0 1 1 3 
0 1 3 1 1 1 1 0 1 3 
0 1 3 1 2 0 1 0 1 4 
0 1 3 2 0 1 0 1 1 4 
0 1 3 2 0 1 1 0 1 4 
0 1 3 2 1 0 1 0 1 4 
0 1 4 0 1 0 1 0 2 16 
0 1 4 0 1 0 1 1 1 4 
0 1 4 0 1 1 0 1 1 4 
0 1 4 0 1 1 1 0 1 4 
0 1 4 1 0 1 0 1 1 4 
0 1 4 1 0 1 1 0 1 4 
0 1 4 1 1 0 1 0 1 4 
0 1 5 0 1 0 1 0 1 5 
0 2 0 2 0 2 0 2 1 1 
0 2 0 2 0 2 1 0 2 1 
0 2 0 2 0 2 1 1 1 1 
0 2 0 2 1 0 2 0 2 1 
0 2 0 2 1 0 2 1 1 1 
0 2 0 2 1 1 0 2 1 1 
0 2 0 2 1 1 1 0 2 1 
0 2 0 2 1 1 1 1 1 1 
0 2 1 0 2 0 2 0 2 1 
0 2 1 0 2 0 2 1 1 1 
0 2 1 0 2 1 0 2 1 1 
0 2 1 0 2 1 1 0 2 1 
0 2 1 0 2 1 1 1 1 1 
0 2 1 1 0 2 0 2 1 1 
0 2 1 1 0 2 1 0 2 1 
0 2 1 1 0 2 1 1 1 1 
0 2 1 1 1 0 2 0 2 1 
0 2 1 1 1 0 2 1 1 1 
0 2 1 1 1 1 0 2 1 1 
0 2 1 1 1 1 1 0 2 1 
0 2 1 1 1 1 1 1 1 1 
1 0 1 0 1 0 1 0 5 1 
1 0 1 0 1 0 1 1 4 -2 
1 0 1 0 1 0 1 2 3 -2 
1 0 1 0 1 0 1 3 2 -2 
1 0 1 0 1 0 1 4 1 -2 
1 0 1 0 1 0 2 0 4 4 
1 0 1 0 1 0 2 1 3 1 
1 0 1 0 1 0 2 2 2 1 
1 0 1 0 1 0 2 3 1 1 
1 0 1 0 1 0 3 0 3 2 
1 0 1 0 1 0 3 1 2 1 
1 0 1 0 1 0 3 2 1 1 
1 0 1 0 1 0 4 1 1 1 
1 0 1 0 1 1 0 1 4 -2 
1 0 1 0 1 1 0 2 3 1 
1 0 1 0 1 1 0 3 2 1 
1 0 1 0 1 1 0 4 1 1 
1 0 1 0 1 1 1 0 4 1 
1 0 1 0 1 1 1 1 3 -1 
1 0 1 0 1 1 1 2 2 -1 
1 0 1 0 1 1 1 3 1 -1 
1 0 1 0 1 1 2 0 3 -1 
1 0 1 0 1 1 2 1 2 -1 
1 0 1 0 1 1 2 2 1 -1 
1 0 1 0 1 1 3 0 2 -3 
1 0 1 0 1 1 3 1 1 -1 
1 0 1 0 1 1 4 0 1 1 
1 0 1 0 1 2 0 1 3 -1 
1 0 1 0 1 2 0 2 2 -1 
1 0 1 0 1 2 0 3 1 -1 
1 0 1 0 1 2 1 0 3 -1 
1 0 1 0 1 2 1 1 2 -1 
1 0 1 0 1 2 1 2 1 -1 
1 0 1 0 1 2 2 0 2 -3 
1 0 1 0 1 2 2 1 1 -1 
1 0 1 0 1 2 3 0 1 1 
1 0 1 0 1 3 0 2 1 -3 
1 0 1 0 1 3 1 0 2 -3 
1 0 1 0 1 3 1 1 1 -1 
1 0 1 0 1 3 2 0 1 1 
1 0 1 0 1 4 0 1 1 1 
1 0 1 0 1 4 1 0 1 1 
1 0 1 0 2 0 2 0 3 6 
1 0 1 0 2 0 3 1 1 3 
1 0 1 0 2 1 0 3 1 3 
1 0 1 0 2 1 1 0 3 3 
1 0 1 0 2 1 1 1 2 1 
1 0 1 0 2 1 1 2 1 1 
1 0 1 0 2 1 2 0 2 3 
1 0 1 0 2 1 2 1 1 1 
1 0 1 0 2 2 0 2 1 3 
1 0 1 0 2 2 1 0 2 3 
1 0 1 0 2 2 1 1 1 1 
1 0 1 0 3 1 1 1 1 1 
1 0 1 1 0 1 0 1 4 -2 
1 0 1 1 0 1 0 2 3 1 
1 0 1 1 0 1 0 3 2 1 
1 0 1 1 0 1 0 4 1 1 
1 0 1 1 0 1 1 0 4 1 
1 0 1 1 0 1 1 1 3 -1 
1 0 1 1 0 1 1 2 2 -1 
1 0 1 1 0 1 1 3 1 -1 
1 0 1 1 0 1 2 0 3 -1 
1 0 1 1 0 1 2 1 2 -1 
1 0 1 1 0 1 2 2 1 -1 
1 0 1 1 0 1 3 0 2 -3 
1 0 1 1 0 1 3 1 1 -1 
1 0 1 1 0 1 4 0 1 1 
1 0 1 1 0 2 0 3 1 3 
1 0 1 1 0 2 1 0 3 3 
1 0 1 1 0 2 1 1 2 1 
1 0 1 1 0 2 1 2 1 1 
1 0 1 1 0 2 2 0 2 3 
1 0 1 1 0 2 2 1 1 1 
1 0 1 1 0 3 1 1 1 1 
1 0 1 1 1 0 1 0 4 1 
1 0 1 1 1 0 1 1 3 -1 
1 0 1 1 1 0 1 2 2 -1 
1 0 1 1 1 0 1 3 1 -1 
1 0 1 1 1 0 2 0 3 3 
1 0 1 1 1 0 2 1 2 1 
1 0 1 1 1 0 2 2 1 1 
1 0 1 1 1 0 3 1 1 1 
1 0 1 1 1 1 0 1 3 -1 
1 0 1 1 1 1 0 2 2 1 
1 0 1 1 1 1 0 3 1 1 
1 0 1 1 1 1 1 0 3 1 
1 0 1 1 1 1 3 0 1 1 
1 0 1 1 1 2 2 0 1 1 
1 0 1 1 1 3 0 1 1 1 
1 0 1 1 1 3 1 0 1 1 
1 0 1 1 2 0 1 0 3 2 
1 0 1 1 2 1 2 0 1 1 
1 0 1 1 2 2 0 1 1 1 
1 0 1 1 2 2 1 0 1 1 
1 0 1 1 3 0 1 0 2 3 
1 0 1 1 3 0 1 1 1 1 
1 0 1 1 3 1 0 1 1 1 
1 0 1 1 3 1 1 0 1 1 
1 0 1 1 4 0 1 0 1 1 
1 0 1 2 0 1 0 1 3 -1 
1 0 1 2 0 1 0 2 2 2 
1 0 1 2 0 1 0 3 1 2 
1 0 1 2 0 1 1 0 3 2 
1 0 1 2 0 1 3 0 1 1 
1 0 1 2 1 0 1 0 3 2 
1 0 1 2 1 1 2 0 1 1 
1 0 1 2 1 2 0 1 1 1 
1 0 1 2 1 2 1 0 1 1 
1 0 1 2 2 0 1 0 2 3 
1 0 1 2 2 0 1 1 1 1 
1 0 1 2 2 1 0 1 1 1 
1 0 1 2 2 1 1 0 1 1 
1 0 1 2 3 0 1 0 1 1 
1 0 1 3 0 1 0 2 1 3 
1 0 1 3 0 1 1 0 2 3 
1 0 1 3 0 1 1 1 1 1 
1 0 1 3 0 1 2 0 1 1 
1 0 1 3 1 0 1 0 2 3 
1 0 1 3 1 0 1 1 1 1 
1 0 1 3 1 1 0 1 1 1 
1 0 1 3 1 1 1 0 1 1 
1 0 1 3 2 0 1 0 1 1 
1 0 1 4 0 1 0 1 1 1 
1 0 1 4 0 1 1 0 1 1 
1 0 1 4 1 0 1 0 1 1 
1 0 2 0 2 0 2 0 2 1 
1 0 2 0 2 0 2 1 1 1 
1 0 2 0 2 1 0 2 1 1 
1 0 2 0 2 1 1 0 2 1 
1 0 2 0 2 1 1 1 1 1 
1 0 2 1 0 2 0 2 1 1 
1 0 2 1 0 2 1 0 2 1 
1 0 2 1 0 2 1 1 1 1 
1 0 2 1 1 0 2 0 2 1 
1 0 2 1 1 0 2 1 1 1 
1 0 2 1 1 1 0 2 1 1 
1 0 2 1 1 1 1 0 2 1 
1 0 2 1 1 1 1 1 1 1 
1 1 0 1 0 1 0 1 4 -2 
1 1 0 1 0 1 0 2 3 1 
1 1 0 1 0 1 0 3 2 1 
1 1 0 1 0 1 0 4 1 1 
1 1 0 1 0 1 1 0 4 1 
1 1 0 1 0 1 1 1 3 -1 
1 1 0 1 0 1 1 2 2 -1 
1 1 0 1 0 1 1 3 1 -1 
1 1 0 1 0 1 2 0 3 -1 
1 1 0 1 0 1 2 1 2 -1 
1 1 0 1 0 1 2 2 1 -1 
1 1 0 1 0 1 3 0 2 -3 
1 1 0 1 0 1 3 1 1 -1 
1 1 0 1 0 1 4 0 1 1 
1 1 0 1 0 2 0 3 1 3 
1 1 0 1 0 2 1 0 3 3 
1 1 0 1 0 2 1 1 2 1 
1 1 0 1 0 2 1 2 1 1 
1 1 0 1 0 2 2 0 2 3 
1 1 0 1 0 2 2 1 1 1 
1 1 0 1 0 3 1 1 1 1 
1 1 0 1 1 0 1 0 4 1 
1 1 0 1 1 0 1 1 3 -1 
1 1 0 1 1 0 1 2 2 -1 
1 1 0 1 1 0 1 3 1 -1 
1 1 0 1 1 0 2 0 3 3 
1 1 0 1 1 0 2 1 2 1 
1 1 0 1 1 0 2 2 1 1 
1 1 0 1 1 0 3 1 1 1 
1 1 0 1 1 1 0 1 3 -1 
1 1 0 1 1 1 0 2 2 1 
1 1 0 1 1 1 0 3 1 1 
1 1 0 1 1 1 1 0 3 1 
1 1 0 1 1 1 3 0 1 1 
1 1 0 1 1 2 2 0 1 1 
1 1 0 1 1 3 0 1 1 1 
1 1 0 1 1 3 1 0 1 1 
1 1 0 1 2 0 1 0 3 2 
1 1 0 1 2 1 2 0 1 1 
1 1 0 1 2 2 0 1 1 1 
1 1 0 1 2 2 1 0 1 1 
1 1 0 1 3 0 1 0 2 3 
1 1 0 1 3 0 1 1 1 1 
1 1 0 1 3 1 0 1 1 1 
1 1 0 1 3 1 1 0 1 1 
1 1 0 1 4 0 1 0 1 1 
1 1 0 2 0 2 0 2 1 1 
1 1 0 2 0 2 1 0 2 1 
1 1 0 2 0 2 1 1 1 1 
1 1 0 2 1 0 2 0 2 1 
1 1 0 2 1 0 2 1 1 1 
1 1 0 2 1 1 0 2 1 1 
1 1 0 2 1 1 1 0 2 1 
1 1 0 2 1 1 1 1 1 1 
1 1 1 0 1 0 1 0 4 1 
1 1 1 0 1 0 1 1 3 -1 
1 1 1 0 1 0 1 2 2 -1 
1 1 1 0 1 0 1 3 1 -1 
1 1 1 0 1 0 2 0 3 3 
1 1 1 0 1 0 2 1 2 1 
1 1 1 0 1 0 2 2 1 1 
1 1 1 0 1 0 3 1 1 1 
1 1 1 0 1 1 0 1 3 -1 
1 1 1 0 1 1 0 2 2 1 
1 1 1 0 1 1 0 3 1 1 
1 1 1 0 1 1 1 0 3 1 
1 1 1 0 1 1 3 0 1 1 
1 1 1 0 1 2 2 0 1 1 
1 1 1 0 1 3 0 1 1 1 
1 1 1 0 1 3 1 0 1 1 
1 1 1 0 2 0 2 0 2 1 
1 1 1 0 2 0 2 1 1 1 
1 1 1 0 2 1 0 2 1 1 
1 1 1 0 2 1 1 0 2 1 
1 1 1 0 2 1 1 1 1 1 
1 1 1 1 0 1 0 1 3 -1 
1 1 1 1 0 1 0 2 2 1 
1 1 1 1 0 1 0 3 1 1 
1 1 1 1 0 1 1 0 3 1 
1 1 1 1 0 1 3 0 1 1 
1 1 1 1 0 2 0 2 1 1 
1 1 1 1 0 2 1 0 2 1 
1 1 1 1 0 2 1 1 1 1 
1 1 1 1 1 0 1 0 3 1 
1 1 1 1 1 0 2 0 2 1 
1 1 1 1 1 0 2 1 1 1 
1 1 1 1 1 1 0 2 1 1 
1 1 1 1 1 1 1 0 2 1 
1 1 1 1 1 1 1 1 1 1 
1 1 1 1 1 1 2 0 1 1 
1 1 1 1 1 2 0 1 1 1 
1 1 1 1 1 2 1 0 1 1 
1 1 1 1 2 0 1 0 2 2 
1 1 1 1 2 0 1 1 1 1 
1 1 1 1 2 1 0 1 1 1 
1 1 1 1 2 1 1 0 1 1 
1 1 1 1 3 0 1 0 1 1 
1 1 1 2 0 1 0 2 1 2 
1 1 1 2 0 1 1 0 2 2 
1 1 1 2 0 1 1 1 1 1 
1 1 1 2 0 1 2 0 1 1 
1 1 1 2 1 0 1 0 2 2 
1 1 1 2 1 0 1 1 1 1 
1 1 1 2 1 1 0 1 1 1 
1 1 1 2 1 1 1 0 1 1 
1 1 1 2 2 0 1 0 1 1 
1 1 1 3 0 1 0 1 1 1 
1 1 1 3 0 1 1 0 1 1 
1 1 1 3 1 0 1 0 1 1 
1 1 2 0 1 0 1 0 3 2 
1 1 2 0 1 0 2 0 2 3 
1 1 2 0 1 0 2 1 1 2 
1 1 2 0 1 1 0 2 1 2 
1 1 2 0 1 1 1 0 2 2 
1 1 2 0 1 1 1 1 1 1 
1 1 2 0 1 1 2 0 1 1 
1 1 2 0 1 2 0 1 1 1 
1 1 2 0 1 2 1 0 1 1 
1 1 2 1 0 1 0 2 1 2 
1 1 2 1 0 1 1 0 2 2 
1 1 2 1 0 1 1 1 1 1 
1 1 2 1 0 1 2 0 1 1 
1 1 2 1 1 0 1 0 2 2 
1 1 2 1 1 0 1 1 1 1 
1 1 2 1 1 1 0 1 1 1 
1 1 2 1 1 1 1 0 1 1 
1 1 2 1 2 0 1 0 1 1 
1 1 2 2 0 1 0 1 1 1 
1 1 2 2 0 1 1 0 1 1 
1 1 2 2 1 0 1 0 1 1 
1 1 3 0 1 0 1 0 2 3 
1 1 3 0 1 0 1 1 1 1 
1 1 3 0 1 1 0 1 1 1 
1 1 3 0 1 1 1 0 1 1 
1 1 3 1 0 1 0 1 1 1 
1 1 3 1 0 1 1 0 1 1 
1 1 3 1 1 0 1 0 1 1 
1 1 4 0 1 0 1 0 1 1 
1 2 0 1 0 1 0 1 3 -1 
1 2 0 1 0 1 0 2 2 2 
1 2 0 1 0 1 0 3 1 2 
1 2 0 1 0 1 1 0 3 2 
1 2 0 1 0 1 3 0 1 1 
1 2 0 1 0 2 0 2 1 3 
1 2 0 1 0 2 1 0 2 3 
1 2 0 1 0 2 1 1 1 2 
1 2 0 1 1 0 1 0 3 2 
1 2 0 1 1 0 2 0 2 3 
1 2 0 1 1 0 2 1 1 2 
1 2 0 1 1 1 0 2 1 2 
1 2 0 1 1 1 1 0 2 2 
1 2 0 1 1 1 1 1 1 1 
1 2 0 1 1 1 2 0 1 1 
1 2 0 1 1 2 0 1 1 1 
1 2 0 1 1 2 1 0 1 1 
1 2 0 1 2 0 1 0 2 3 
1 2 0 1 2 0 1 1 1 1 
1 2 0 1 2 1 0 1 1 1 
1 2 0 1 2 1 1 0 1 1 
1 2 0 1 3 0 1 0 1 1 
1 2 1 0 1 0 1 0 3 2 
1 2 1 0 1 0 2 0 2 3 
1 2 1 0 1 0 2 1 1 2 
1 2 1 0 1 1 0 2 1 2 
1 2 1 0 1 1 1 0 2 2 
1 2 1 0 1 1 1 1 1 1 
1 2 1 0 1 1 2 0 1 1 
1 2 1 0 1 2 0 1 1 1 
1 2 1 0 1 2 1 0 1 1 
1 2 1 1 0 1 0 2 1 2 
1 2 1 1 0 1 1 0 2 2 
1 2 1 1 0 1 1 1 1 1 
1 2 1 1 0 1 2 0 1 1 
1 2 1 1 1 0 1 0 2 2 
1 2 1 1 1 0 1 1 1 1 
1 2 1 1 1 1 0 1 1 1 
1 2 1 1 1 1 1 0 1 1 
1 2 1 1 2 0 1 0 1 1 
1 2 1 2 0 1 0 1 1 1 
1 2 1 2 0 1 1 0 1 1 
1 2 1 2 1 0 1 0 1 1 
1 2 2 0 1 0 1 0 2 3 
1 2 2 0 1 0 1 1 1 1 
1 2 2 0 1 1 0 1 1 1 
1 2 2 0 1 1 1 0 1 1 
1 2 2 1 0 1 0 1 1 1 
1 2 2 1 0 1 1 0 1 1 
1 2 2 1 1 0 1 0 1 1 
1 2 3 0 1 0 1 0 1 1 
1 3 0 1 0 1 0 2 1 3 
1 3 0 1 0 1 1 0 2 3 
1 3 0 1 0 1 1 1 1 1 
1 3 0 1 0 1 2 0 1 1 
1 3 0 1 1 0 1 0 2 3 
1 3 0 1 1 0 1 1 1 1 
1 3 0 1 1 1 0 1 1 1 
1 3 0 1 1 1 1 0 1 1 
1 3 0 1 2 0 1 0 1 1 
1 3 1 0 1 0 1 0 2 3 
1 3 1 0 1 0 1 1 1 1 
1 3 1 0 1 1 0 1 1 1 
1 3 1 0 1 1 1 0 1 1 
1 3 1 1 0 1 0 1 1 1 
1 3 1 1 0 1 1 0 1 1 
1 3 1 1 1 0 1 0 1 1 
1 3 2 0 1 0 1 0 1 1 
1 4 0 1 0 1 0 1 1 1 
1 4 0 1 0 1 1 0 1 1 
1 4 0 1 1 0 1 0 1 1 
1 4 1 0 1 0 1 0 1 1 
